	Time [s]	Minimum [mm]	Maximum [mm]	Average [mm]	
1	1.6667e-004	4.8034e-002	4.8034e-002	4.8034e-002	
2	3.3333e-004	0.14673	0.14673	0.14673	
3	5.0003e-004	0.24019	0.24019	0.24019	
4	6.6673e-004	0.33153	0.33153	0.33153	
5	8.3343e-004	0.46085	0.46085	0.46085	
6	1.0001e-003	0.60422	0.60422	0.60422	
7	1.1668e-003	0.69252	0.69252	0.69252	
8	1.3335e-003	0.71831	0.71831	0.71831	
9	1.5002e-003	0.71325	0.71325	0.71325	
10	1.6669e-003	0.67302	0.67302	0.67302	
11	1.8336e-003	0.58095	0.58095	0.58095	
12	2.0003e-003	0.45408	0.45408	0.45408	
13	2.167e-003	0.32965	0.32965	0.32965	
14	2.3337e-003	0.22584	0.22584	0.22584	
15	2.5004e-003	0.14412	0.14412	0.14412	
16	2.6671e-003	9.734e-002	9.734e-002	9.734e-002	
17	2.8338e-003	0.10233	0.10233	0.10233	
18	3.0005e-003	0.15692	0.15692	0.15692	
19	3.1672e-003	0.24181	0.24181	0.24181	
20	3.3339e-003	0.34245	0.34245	0.34245	
21	3.5006e-003	0.45233	0.45233	0.45233	
22	3.6673e-003	0.55421	0.55421	0.55421	
23	3.834e-003	0.62294	0.62294	0.62294	
24	4.0007e-003	0.64903	0.64903	0.64903	
25	4.1674e-003	0.6399	0.6399	0.6399	
26	4.3341e-003	0.59845	0.59845	0.59845	
27	4.5008e-003	0.52192	0.52192	0.52192	
28	4.6675e-003	0.42311	0.42311	0.42311	
29	4.8342e-003	0.32826	0.32826	0.32826	
30	5.0009e-003	0.2525	0.2525	0.2525	
31	5.1676e-003	0.19771	0.19771	0.19771	
32	5.3343e-003	0.17152	0.17152	0.17152	
33	5.501e-003	0.18561	0.18561	0.18561	
34	5.6677e-003	0.23553	0.23553	0.23553	
35	5.8344e-003	0.30231	0.30231	0.30231	
36	6.0011e-003	0.37321	0.37321	0.37321	
37	6.1678e-003	0.44421	0.44421	0.44421	
38	6.3345e-003	0.50509	0.50509	0.50509	
39	6.5012e-003	0.53962	0.53962	0.53962	
40	6.6679e-003	0.54127	0.54127	0.54127	
41	6.8346e-003	0.51625	0.51625	0.51625	
42	7.0013e-003	0.47148	0.47148	0.47148	
43	7.168e-003	0.41113	0.41113	0.41113	
44	7.3347e-003	0.34508	0.34508	0.34508	
45	7.5014e-003	0.2893	0.2893	0.2893	
46	7.6681e-003	0.25459	0.25459	0.25459	
47	7.8348e-003	0.24209	0.24209	0.24209	
48	8.0015e-003	0.25107	0.25107	0.25107	
49	8.1682e-003	0.28252	0.28252	0.28252	
50	8.3349e-003	0.332	0.332	0.332	
51	8.5016e-003	0.38644	0.38644	0.38644	
52	8.6683e-003	0.43255	0.43255	0.43255	
53	8.835e-003	0.46361	0.46361	0.46361	
54	9.0017e-003	0.47604	0.47604	0.47604	
55	9.1684e-003	0.46597	0.46597	0.46597	
56	9.3351e-003	0.43315	0.43315	0.43315	
57	9.5018e-003	0.38428	0.38428	0.38428	
58	9.6685e-003	0.32912	0.32912	0.32912	
59	9.8352e-003	0.27661	0.27661	0.27661	
60	1.0002e-002	0.23583	0.23583	0.23583	
61	1.0169e-002	0.21585	0.21585	0.21585	
62	1.0335e-002	0.22145	0.22145	0.22145	
63	1.0502e-002	0.25081	0.25081	0.25081	
64	1.0669e-002	0.29811	0.29811	0.29811	
65	1.0835e-002	0.35594	0.35594	0.35594	
66	1.1002e-002	0.41454	0.41454	0.41454	
67	1.1169e-002	0.46236	0.46236	0.46236	
68	1.1336e-002	0.48984	0.48984	0.48984	
69	1.1502e-002	0.49201	0.49201	0.49201	
70	1.1669e-002	0.46766	0.46766	0.46766	
71	1.1836e-002	0.4187	0.4187	0.4187	
72	1.2002e-002	0.35152	0.35152	0.35152	
73	1.2169e-002	0.27718	0.27718	0.27718	
74	1.2336e-002	0.20829	0.20829	0.20829	
75	1.2502e-002	0.15596	0.15596	0.15596	
76	1.2669e-002	0.12888	0.12888	0.12888	
77	1.2836e-002	0.13238	0.13238	0.13238	
78	1.3003e-002	0.16649	0.16649	0.16649	
79	1.3169e-002	0.22546	0.22546	0.22546	
80	1.3336e-002	0.29986	0.29986	0.29986	
81	1.3503e-002	0.37845	0.37845	0.37845	
82	1.3669e-002	0.44854	0.44854	0.44854	
83	1.3836e-002	0.49746	0.49746	0.49746	
84	1.4003e-002	0.5161	0.5161	0.5161	
85	1.4169e-002	0.50145	0.50145	0.50145	
86	1.4336e-002	0.45575	0.45575	0.45575	
87	1.4503e-002	0.38493	0.38493	0.38493	
88	1.467e-002	0.29849	0.29849	0.29849	
89	1.4836e-002	0.20945	0.20945	0.20945	
90	1.5003e-002	0.13203	0.13203	0.13203	
91	1.517e-002	7.8359e-002	7.8359e-002	7.8359e-002	
92	1.5336e-002	5.6466e-002	5.6466e-002	5.6466e-002	
93	1.5503e-002	6.9495e-002	6.9495e-002	6.9495e-002	
94	1.567e-002	0.11513	0.11513	0.11513	
95	1.5836e-002	0.18564	0.18564	0.18564	
96	1.6003e-002	0.26943	0.26943	0.26943	
97	1.617e-002	0.35333	0.35333	0.35333	
98	1.6337e-002	0.42438	0.42438	0.42438	
99	1.6503e-002	0.47132	0.47132	0.47132	
100	1.667e-002	0.48641	0.48641	0.48641	
101	1.6837e-002	0.46705	0.46705	0.46705	
102	1.7003e-002	0.41621	0.41621	0.41621	
103	1.717e-002	0.34165	0.34165	0.34165	
104	1.7337e-002	0.2548	0.2548	0.2548	
105	1.7503e-002	0.16899	0.16899	0.16899	
106	1.767e-002	9.7201e-002	9.7201e-002	9.7201e-002	
107	1.7837e-002	4.9749e-002	4.9749e-002	4.9749e-002	
108	1.8004e-002	3.2854e-002	3.2854e-002	3.2854e-002	
109	1.817e-002	4.8023e-002	4.8023e-002	4.8023e-002	
110	1.8337e-002	9.1817e-002	9.1817e-002	9.1817e-002	
111	1.8504e-002	0.15624	0.15624	0.15624	
112	1.867e-002	0.23016	0.23016	0.23016	
113	1.8837e-002	0.30143	0.30143	0.30143	
114	1.9004e-002	0.3588	0.3588	0.3588	
115	1.917e-002	0.39341	0.39341	0.39341	
116	1.9337e-002	0.40012	0.40012	0.40012	
117	1.9504e-002	0.37836	0.37836	0.37836	
118	1.9671e-002	0.3321	0.3321	0.3321	
119	1.9837e-002	0.26904	0.26904	0.26904	
120	2.0004e-002	0.19925	0.19925	0.19925	
121	2.0171e-002	0.13366	0.13366	0.13366	
122	2.0337e-002	8.2252e-002	8.2252e-002	8.2252e-002	
123	2.0504e-002	5.2284e-002	5.2284e-002	5.2284e-002	
124	2.0671e-002	4.7072e-002	4.7072e-002	4.7072e-002	
125	2.0837e-002	6.563e-002	6.563e-002	6.563e-002	
126	2.1004e-002	0.1031	0.1031	0.1031	
127	2.1171e-002	0.15183	0.15183	0.15183	
128	2.1338e-002	0.2029	0.2029	0.2029	
129	2.1504e-002	0.24749	0.24749	0.24749	
130	2.1671e-002	0.27809	0.27809	0.27809	
131	2.1838e-002	0.28952	0.28952	0.28952	
132	2.2004e-002	0.28002	0.28002	0.28002	
133	2.2171e-002	0.25178	0.25178	0.25178	
134	2.2338e-002	0.21034	0.21034	0.21034	
135	2.2504e-002	0.16323	0.16323	0.16323	
136	2.2671e-002	0.11843	0.11843	0.11843	
137	2.2838e-002	8.3151e-002	8.3151e-002	8.3151e-002	
138	2.3005e-002	6.2748e-002	6.2748e-002	6.2748e-002	
139	2.3171e-002	5.9765e-002	5.9765e-002	5.9765e-002	
140	2.3338e-002	7.3449e-002	7.3449e-002	7.3449e-002	
141	2.3505e-002	9.9992e-002	9.9992e-002	9.9992e-002	
142	2.3671e-002	0.13337	0.13337	0.13337	
143	2.3838e-002	0.16652	0.16652	0.16652	
144	2.4005e-002	0.19257	0.19257	0.19257	
145	2.4171e-002	0.2061	0.2061	0.2061	
146	2.4338e-002	0.20404	0.20404	0.20404	
147	2.4505e-002	0.18621	0.18621	0.18621	
148	2.4672e-002	0.1553	0.1553	0.1553	
149	2.4838e-002	0.11648	0.11648	0.11648	
150	2.5005e-002	7.6492e-002	7.6492e-002	7.6492e-002	
151	2.5172e-002	4.2428e-002	4.2428e-002	4.2428e-002	
152	2.5338e-002	2.0376e-002	2.0376e-002	2.0376e-002	
153	2.5505e-002	1.4247e-002	1.4247e-002	1.4247e-002	
154	2.5672e-002	2.4984e-002	2.4984e-002	2.4984e-002	
155	2.5838e-002	5.0344e-002	5.0344e-002	5.0344e-002	
156	2.6005e-002	8.5336e-002	8.5336e-002	8.5336e-002	
157	2.6172e-002	0.12318	0.12318	0.12318	
158	2.6339e-002	0.15655	0.15655	0.15655	
159	2.6505e-002	0.17876	0.17876	0.17876	
160	2.6672e-002	0.1849	0.1849	0.1849	
161	2.6839e-002	0.17266	0.17266	0.17266	
162	2.7005e-002	0.14284	0.14284	0.14284	
163	2.7172e-002	9.9344e-002	9.9344e-002	9.9344e-002	
164	2.7339e-002	4.8666e-002	4.8666e-002	4.8666e-002	
165	2.7505e-002	-1.1852e-003	-1.1852e-003	-1.1852e-003	
166	2.7672e-002	-4.2118e-002	-4.2118e-002	-4.2118e-002	
167	2.7839e-002	-6.7445e-002	-6.7445e-002	-6.7445e-002	
168	2.8006e-002	-7.3061e-002	-7.3061e-002	-7.3061e-002	
169	2.8172e-002	-5.8113e-002	-5.8113e-002	-5.8113e-002	
170	2.8339e-002	-2.5143e-002	-2.5143e-002	-2.5143e-002	
171	2.8506e-002	2.0271e-002	2.0271e-002	2.0271e-002	
172	2.8672e-002	7.0343e-002	7.0343e-002	7.0343e-002	
173	2.8839e-002	0.11634	0.11634	0.11634	
174	2.9006e-002	0.15005	0.15005	0.15005	
175	2.9172e-002	0.16518	0.16518	0.16518	
176	2.9339e-002	0.15839	0.15839	0.15839	
177	2.9506e-002	0.12991	0.12991	0.12991	
178	2.9673e-002	8.3461e-002	8.3461e-002	8.3461e-002	
179	2.9839e-002	2.5717e-002	2.5717e-002	2.5717e-002	
180	3.0006e-002	-3.47e-002	-3.47e-002	-3.47e-002	
181	3.0173e-002	-8.8578e-002	-8.8578e-002	-8.8578e-002	
182	3.0339e-002	-0.12763	-0.12763	-0.12763	
183	3.0506e-002	-0.14595	-0.14595	-0.14595	
184	3.0673e-002	-0.14107	-0.14107	-0.14107	
185	3.0839e-002	-0.11438	-0.11438	-0.11438	
186	3.1006e-002	-7.0808e-002	-7.0808e-002	-7.0808e-002	
187	3.1173e-002	-1.7959e-002	-1.7959e-002	-1.7959e-002	
188	3.134e-002	3.5176e-002	3.5176e-002	3.5176e-002	
189	3.1506e-002	7.9614e-002	7.9614e-002	7.9614e-002	
190	3.1673e-002	0.10777	0.10777	0.10777	
191	3.184e-002	0.11466	0.11466	0.11466	
192	3.2006e-002	9.8694e-002	9.8694e-002	9.8694e-002	
193	3.2173e-002	6.2023e-002	6.2023e-002	6.2023e-002	
194	3.234e-002	1.0172e-002	1.0172e-002	1.0172e-002	
195	3.2506e-002	-4.8862e-002	-4.8862e-002	-4.8862e-002	
196	3.2673e-002	-0.10596	-0.10596	-0.10596	
197	3.284e-002	-0.15239	-0.15239	-0.15239	
198	3.3007e-002	-0.18131	-0.18131	-0.18131	
199	3.3173e-002	-0.18883	-0.18883	-0.18883	
200	3.334e-002	-0.17466	-0.17466	-0.17466	
201	3.3507e-002	-0.14205	-0.14205	-0.14205	
202	3.3673e-002	-9.7215e-002	-9.7215e-002	-9.7215e-002	
203	3.384e-002	-4.828e-002	-4.828e-002	-4.828e-002	
204	3.4007e-002	-3.9388e-003	-3.9388e-003	-3.9388e-003	
205	3.4173e-002	2.7978e-002	2.7978e-002	2.7978e-002	
206	3.434e-002	4.181e-002	4.181e-002	4.181e-002	
207	3.4507e-002	3.4998e-002	3.4998e-002	3.4998e-002	
208	3.4674e-002	8.4686e-003	8.4686e-003	8.4686e-003	
209	3.484e-002	-3.357e-002	-3.357e-002	-3.357e-002	
210	3.5007e-002	-8.4361e-002	-8.4361e-002	-8.4361e-002	
211	3.5174e-002	-0.13572	-0.13572	-0.13572	
212	3.534e-002	-0.17944	-0.17944	-0.17944	
213	3.5507e-002	-0.20865	-0.20865	-0.20865	
214	3.5674e-002	-0.2191	-0.2191	-0.2191	
215	3.584e-002	-0.20983	-0.20983	-0.20983	
216	3.6007e-002	-0.18331	-0.18331	-0.18331	
217	3.6174e-002	-0.14492	-0.14492	-0.14492	
218	3.6341e-002	-0.10197	-0.10197	-0.10197	
219	3.6507e-002	-6.2454e-002	-6.2454e-002	-6.2454e-002	
220	3.6674e-002	-3.3742e-002	-3.3742e-002	-3.3742e-002	
221	3.6841e-002	-2.1383e-002	-2.1383e-002	-2.1383e-002	
222	3.7007e-002	-2.8152e-002	-2.8152e-002	-2.8152e-002	
223	3.7174e-002	-5.3534e-002	-5.3534e-002	-5.3534e-002	
224	3.7341e-002	-9.3762e-002	-9.3762e-002	-9.3762e-002	
225	3.7507e-002	-0.14243	-0.14243	-0.14243	
226	3.7674e-002	-0.19161	-0.19161	-0.19161	
227	3.7841e-002	-0.23323	-0.23323	-0.23323	
228	3.8008e-002	-0.26049	-0.26049	-0.26049	
229	3.8174e-002	-0.26906	-0.26906	-0.26906	
230	3.8341e-002	-0.25778	-0.25778	-0.25778	
231	3.8508e-002	-0.22889	-0.22889	-0.22889	
232	3.8674e-002	-0.18768	-0.18768	-0.18768	
233	3.8841e-002	-0.14158	-0.14158	-0.14158	
234	3.9008e-002	-9.8942e-002	-9.8942e-002	-9.8942e-002	
235	3.9174e-002	-6.7625e-002	-6.7625e-002	-6.7625e-002	
236	3.9341e-002	-5.3687e-002	-5.3687e-002	-5.3687e-002	
237	3.9508e-002	-6.0346e-002	-6.0346e-002	-6.0346e-002	
238	3.9675e-002	-8.7409e-002	-8.7409e-002	-8.7409e-002	
239	3.9841e-002	-0.13126	-0.13126	-0.13126	
240	4.0008e-002	-0.18541	-0.18541	-0.18541	
241	4.0175e-002	-0.24153	-0.24153	-0.24153	
242	4.0341e-002	-0.29081	-0.29081	-0.29081	
243	4.0508e-002	-0.32545	-0.32545	-0.32545	
244	4.0675e-002	-0.33997	-0.33997	-0.33997	
245	4.0841e-002	-0.33214	-0.33214	-0.33214	
246	4.1008e-002	-0.3034	-0.3034	-0.3034	
247	4.1175e-002	-0.25863	-0.25863	-0.25863	
248	4.1342e-002	-0.20534	-0.20534	-0.20534	
249	4.1508e-002	-0.15244	-0.15244	-0.15244	
250	4.1675e-002	-0.10888	-0.10888	-0.10888	
251	4.1842e-002	-8.2201e-002	-8.2201e-002	-8.2201e-002	
252	4.2008e-002	-7.7327e-002	-7.7327e-002	-7.7327e-002	
253	4.2175e-002	-9.5759e-002	-9.5759e-002	-9.5759e-002	
254	4.2342e-002	-0.13527	-0.13527	-0.13527	
255	4.2508e-002	-0.19019	-0.19019	-0.19019	
256	4.2675e-002	-0.25236	-0.25236	-0.25236	
257	4.2842e-002	-0.31239	-0.31239	-0.31239	
258	4.3009e-002	-0.36125	-0.36125	-0.36125	
259	4.3175e-002	-0.39169	-0.39169	-0.39169	
260	4.3342e-002	-0.39942	-0.39942	-0.39942	
261	4.3509e-002	-0.38372	-0.38372	-0.38372	
262	4.3675e-002	-0.34753	-0.34753	-0.34753	
263	4.3842e-002	-0.297	-0.297	-0.297	
264	4.4009e-002	-0.24044	-0.24044	-0.24044	
265	4.4175e-002	-0.18707	-0.18707	-0.18707	
266	4.4342e-002	-0.1455	-0.1455	-0.1455	
267	4.4509e-002	-0.12243	-0.12243	-0.12243	
268	4.4676e-002	-0.1216	-0.1216	-0.1216	
269	4.4842e-002	-0.14327	-0.14327	-0.14327	
270	4.5009e-002	-0.18415	-0.18415	-0.18415	
271	4.5176e-002	-0.23803	-0.23803	-0.23803	
272	4.5342e-002	-0.29674	-0.29674	-0.29674	
273	4.5509e-002	-0.35149	-0.35149	-0.35149	
274	4.5676e-002	-0.39432	-0.39432	-0.39432	
275	4.5842e-002	-0.41929	-0.41929	-0.41929	
276	4.6009e-002	-0.42344	-0.42344	-0.42344	
277	4.6176e-002	-0.40711	-0.40711	-0.40711	
278	4.6343e-002	-0.37382	-0.37382	-0.37382	
279	4.6509e-002	-0.32959	-0.32959	-0.32959	
280	4.6676e-002	-0.28196	-0.28196	-0.28196	
281	4.6843e-002	-0.23877	-0.23877	-0.23877	
282	4.7009e-002	-0.20688	-0.20688	-0.20688	
283	4.7176e-002	-0.19119	-0.19119	-0.19119	
284	4.7343e-002	-0.19383	-0.19383	-0.19383	
285	4.7509e-002	-0.21393	-0.21393	-0.21393	
286	4.7676e-002	-0.24787	-0.24787	-0.24787	
287	4.7843e-002	-0.28994	-0.28994	-0.28994	
288	4.801e-002	-0.33339	-0.33339	-0.33339	
289	4.8176e-002	-0.37159	-0.37159	-0.37159	
290	4.8343e-002	-0.3991	-0.3991	-0.3991	
291	4.851e-002	-0.41249	-0.41249	-0.41249	
292	4.8676e-002	-0.41079	-0.41079	-0.41079	
293	4.8843e-002	-0.39557	-0.39557	-0.39557	
294	4.901e-002	-0.37048	-0.37048	-0.37048	
295	4.9176e-002	-0.34066	-0.34066	-0.34066	
296	4.9343e-002	-0.31171	-0.31171	-0.31171	
297	4.951e-002	-0.28883	-0.28883	-0.28883	
298	4.9677e-002	-0.27585	-0.27585	-0.27585	
299	4.9843e-002	-0.2747	-0.2747	-0.2747	
300	5.001e-002	-0.2851	-0.2851	-0.2851	
301	5.0177e-002	-0.30475	-0.30475	-0.30475	
302	5.0343e-002	-0.32975	-0.32975	-0.32975	
303	5.051e-002	-0.35542	-0.35542	-0.35542	
304	5.0677e-002	-0.37717	-0.37717	-0.37717	
305	5.0843e-002	-0.39134	-0.39134	-0.39134	
306	5.101e-002	-0.39589	-0.39589	-0.39589	
307	5.1177e-002	-0.39067	-0.39067	-0.39067	
308	5.1344e-002	-0.37743	-0.37743	-0.37743	
309	5.151e-002	-0.35943	-0.35943	-0.35943	
310	5.1677e-002	-0.34079	-0.34079	-0.34079	
311	5.1844e-002	-0.32572	-0.32572	-0.32572	
312	5.201e-002	-0.31773	-0.31773	-0.31773	
313	5.2177e-002	-0.31899	-0.31899	-0.31899	
314	5.2344e-002	-0.32985	-0.32985	-0.32985	
315	5.251e-002	-0.34877	-0.34877	-0.34877	
316	5.2677e-002	-0.37255	-0.37255	-0.37255	
317	5.2844e-002	-0.39694	-0.39694	-0.39694	
318	5.3011e-002	-0.41736	-0.41736	-0.41736	
319	5.3177e-002	-0.42986	-0.42986	-0.42986	
320	5.3344e-002	-0.43178	-0.43178	-0.43178	
321	5.3511e-002	-0.42236	-0.42236	-0.42236	
322	5.3677e-002	-0.40285	-0.40285	-0.40285	
323	5.3844e-002	-0.37642	-0.37642	-0.37642	
324	5.4011e-002	-0.3476	-0.3476	-0.3476	
325	5.4177e-002	-0.3216	-0.3216	-0.3216	
326	5.4344e-002	-0.30334	-0.30334	-0.30334	
327	5.4511e-002	-0.29669	-0.29669	-0.29669	
328	5.4678e-002	-0.30365	-0.30365	-0.30365	
329	5.4844e-002	-0.32402	-0.32402	-0.32402	
330	5.5011e-002	-0.35529	-0.35529	-0.35529	
331	5.5178e-002	-0.39299	-0.39299	-0.39299	
332	5.5344e-002	-0.43138	-0.43138	-0.43138	
333	5.5511e-002	-0.46437	-0.46437	-0.46437	
334	5.5678e-002	-0.4865	-0.4865	-0.4865	
335	5.5844e-002	-0.49394	-0.49394	-0.49394	
336	5.6011e-002	-0.48509	-0.48509	-0.48509	
337	5.6178e-002	-0.46095	-0.46095	-0.46095	
338	5.6345e-002	-0.425	-0.425	-0.425	
339	5.6511e-002	-0.38265	-0.38265	-0.38265	
340	5.6678e-002	-0.34046	-0.34046	-0.34046	
341	5.6845e-002	-0.30507	-0.30507	-0.30507	
342	5.7011e-002	-0.28221	-0.28221	-0.28221	
343	5.7178e-002	-0.27576	-0.27576	-0.27576	
344	5.7345e-002	-0.28712	-0.28712	-0.28712	
345	5.7511e-002	-0.31495	-0.31495	-0.31495	
346	5.7678e-002	-0.35534	-0.35534	-0.35534	
347	5.7845e-002	-0.40237	-0.40237	-0.40237	
348	5.8012e-002	-0.44906	-0.44906	-0.44906	
349	5.8178e-002	-0.48847	-0.48847	-0.48847	
350	5.8345e-002	-0.51472	-0.51472	-0.51472	
351	5.8512e-002	-0.52397	-0.52397	-0.52397	
352	5.8678e-002	-0.51492	-0.51492	-0.51492	
353	5.8845e-002	-0.48907	-0.48907	-0.48907	
354	5.9012e-002	-0.45039	-0.45039	-0.45039	
355	5.9178e-002	-0.40477	-0.40477	-0.40477	
356	5.9345e-002	-0.35906	-0.35906	-0.35906	
357	5.9512e-002	-0.32002	-0.32002	-0.32002	
358	5.9679e-002	-0.29335	-0.29335	-0.29335	
359	5.9845e-002	-0.28277	-0.28277	-0.28277	
360	6.0012e-002	-0.28955	-0.28955	-0.28955	
361	6.0179e-002	-0.31231	-0.31231	-0.31231	
362	6.0345e-002	-0.34733	-0.34733	-0.34733	
363	6.0512e-002	-0.38916	-0.38916	-0.38916	
364	6.0679e-002	-0.43152	-0.43152	-0.43152	
365	6.0845e-002	-0.46823	-0.46823	-0.46823	
366	6.1012e-002	-0.49421	-0.49421	-0.49421	
367	6.1179e-002	-0.50616	-0.50616	-0.50616	
368	6.1346e-002	-0.50299	-0.50299	-0.50299	
369	6.1512e-002	-0.48587	-0.48587	-0.48587	
370	6.1679e-002	-0.45795	-0.45795	-0.45795	
371	6.1846e-002	-0.4238	-0.4238	-0.4238	
372	6.2012e-002	-0.38864	-0.38864	-0.38864	
373	6.2179e-002	-0.35754	-0.35754	-0.35754	
374	6.2346e-002	-0.33466	-0.33466	-0.33466	
375	6.2512e-002	-0.32265	-0.32265	-0.32265	
376	6.2679e-002	-0.32236	-0.32236	-0.32236	
377	6.2846e-002	-0.33282	-0.33282	-0.33282	
378	6.3013e-002	-0.35151	-0.35151	-0.35151	
379	6.3179e-002	-0.37493	-0.37493	-0.37493	
380	6.3346e-002	-0.39917	-0.39917	-0.39917	
381	6.3513e-002	-0.42065	-0.42065	-0.42065	
382	6.3679e-002	-0.43657	-0.43657	-0.43657	
383	6.3846e-002	-0.44532	-0.44532	-0.44532	
384	6.4013e-002	-0.44661	-0.44661	-0.44661	
385	6.4179e-002	-0.44131	-0.44131	-0.44131	
386	6.4346e-002	-0.43123	-0.43123	-0.43123	
387	6.4513e-002	-0.41864	-0.41864	-0.41864	
388	6.468e-002	-0.40584	-0.40584	-0.40584	
389	6.4846e-002	-0.39468	-0.39468	-0.39468	
390	6.5013e-002	-0.38636	-0.38636	-0.38636	
391	6.518e-002	-0.38118	-0.38118	-0.38118	
392	6.5346e-002	-0.3787	-0.3787	-0.3787	
393	6.5513e-002	-0.3779	-0.3779	-0.3779	
394	6.568e-002	-0.37756	-0.37756	-0.37756	
395	6.5846e-002	-0.37659	-0.37659	-0.37659	
396	6.6013e-002	-0.37436	-0.37436	-0.37436	
397	6.618e-002	-0.37086	-0.37086	-0.37086	
398	6.6347e-002	-0.36678	-0.36678	-0.36678	
399	6.6513e-002	-0.36329	-0.36329	-0.36329	
400	6.668e-002	-0.36181	-0.36181	-0.36181	
401	6.6847e-002	-0.36364	-0.36364	-0.36364	
402	6.7013e-002	-0.3696	-0.3696	-0.3696	
403	6.718e-002	-0.37971	-0.37971	-0.37971	
404	6.7347e-002	-0.39309	-0.39309	-0.39309	
405	6.7513e-002	-0.40794	-0.40794	-0.40794	
406	6.768e-002	-0.42178	-0.42178	-0.42178	
407	6.7847e-002	-0.43181	-0.43181	-0.43181	
408	6.8014e-002	-0.43545	-0.43545	-0.43545	
409	6.818e-002	-0.43085	-0.43085	-0.43085	
410	6.8347e-002	-0.41732	-0.41732	-0.41732	
411	6.8514e-002	-0.39564	-0.39564	-0.39564	
412	6.868e-002	-0.36806	-0.36806	-0.36806	
413	6.8847e-002	-0.33806	-0.33806	-0.33806	
414	6.9014e-002	-0.30989	-0.30989	-0.30989	
415	6.918e-002	-0.28791	-0.28791	-0.28791	
416	6.9347e-002	-0.27586	-0.27586	-0.27586	
417	6.9514e-002	-0.27622	-0.27622	-0.27622	
418	6.9681e-002	-0.2897	-0.2897	-0.2897	
419	6.9847e-002	-0.31499	-0.31499	-0.31499	
420	7.0014e-002	-0.34884	-0.34884	-0.34884	
421	7.0181e-002	-0.38644	-0.38644	-0.38644	
422	7.0347e-002	-0.4221	-0.4221	-0.4221	
423	7.0514e-002	-0.45008	-0.45008	-0.45008	
424	7.0681e-002	-0.46554	-0.46554	-0.46554	
425	7.0847e-002	-0.46529	-0.46529	-0.46529	
426	7.1014e-002	-0.44839	-0.44839	-0.44839	
427	7.1181e-002	-0.41641	-0.41641	-0.41641	
428	7.1348e-002	-0.37329	-0.37329	-0.37329	
429	7.1514e-002	-0.32476	-0.32476	-0.32476	
430	7.1681e-002	-0.27761	-0.27761	-0.27761	
431	7.1848e-002	-0.23859	-0.23859	-0.23859	
432	7.2014e-002	-0.21345	-0.21345	-0.21345	
433	7.2181e-002	-0.20599	-0.20599	-0.20599	
434	7.2348e-002	-0.21746	-0.21746	-0.21746	
435	7.2514e-002	-0.2463	-0.2463	-0.2463	
436	7.2681e-002	-0.28828	-0.28828	-0.28828	
437	7.2848e-002	-0.33714	-0.33714	-0.33714	
438	7.3015e-002	-0.38547	-0.38547	-0.38547	
439	7.3181e-002	-0.42582	-0.42582	-0.42582	
440	7.3348e-002	-0.45187	-0.45187	-0.45187	
441	7.3515e-002	-0.45938	-0.45938	-0.45938	
442	7.3681e-002	-0.44684	-0.44684	-0.44684	
443	7.3848e-002	-0.41573	-0.41573	-0.41573	
444	7.4015e-002	-0.37031	-0.37031	-0.37031	
445	7.4181e-002	-0.31696	-0.31696	-0.31696	
446	7.4348e-002	-0.26322	-0.26322	-0.26322	
447	7.4515e-002	-0.21666	-0.21666	-0.21666	
448	7.4682e-002	-0.18375	-0.18375	-0.18375	
449	7.4848e-002	-0.16888	-0.16888	-0.16888	
450	7.5015e-002	-0.17371	-0.17371	-0.17371	
451	7.5182e-002	-0.19695	-0.19695	-0.19695	
452	7.5348e-002	-0.23454	-0.23454	-0.23454	
453	7.5515e-002	-0.28038	-0.28038	-0.28038	
454	7.5682e-002	-0.32719	-0.32719	-0.32719	
455	7.5848e-002	-0.36768	-0.36768	-0.36768	
456	7.6015e-002	-0.39568	-0.39568	-0.39568	
457	7.6182e-002	-0.40699	-0.40699	-0.40699	
458	7.6349e-002	-0.40004	-0.40004	-0.40004	
459	7.6515e-002	-0.37605	-0.37605	-0.37605	
460	7.6682e-002	-0.33876	-0.33876	-0.33876	
461	7.6849e-002	-0.29378	-0.29378	-0.29378	
462	7.7015e-002	-0.24773	-0.24773	-0.24773	
463	7.7182e-002	-0.20715	-0.20715	-0.20715	
464	7.7349e-002	-0.17751	-0.17751	-0.17751	
465	7.7515e-002	-0.16241	-0.16241	-0.16241	
466	7.7682e-002	-0.16308	-0.16308	-0.16308	
467	7.7849e-002	-0.17827	-0.17827	-0.17827	
468	7.8016e-002	-0.20452	-0.20452	-0.20452	
469	7.8182e-002	-0.23683	-0.23683	-0.23683	
470	7.8349e-002	-0.26948	-0.26948	-0.26948	
471	7.8516e-002	-0.297	-0.297	-0.297	
472	7.8682e-002	-0.31501	-0.31501	-0.31501	
473	7.8849e-002	-0.32088	-0.32088	-0.32088	
474	7.9016e-002	-0.31405	-0.31405	-0.31405	
475	7.9182e-002	-0.29604	-0.29604	-0.29604	
476	7.9349e-002	-0.27009	-0.27009	-0.27009	
477	7.9516e-002	-0.24052	-0.24052	-0.24052	
478	7.9683e-002	-0.212	-0.212	-0.212	
479	7.9849e-002	-0.18873	-0.18873	-0.18873	
480	8.0016e-002	-0.17374	-0.17374	-0.17374	
481	8.0183e-002	-0.16847	-0.16847	-0.16847	
482	8.0349e-002	-0.17255	-0.17255	-0.17255	
483	8.0516e-002	-0.18398	-0.18398	-0.18398	
484	8.0683e-002	-0.19954	-0.19954	-0.19954	
485	8.0849e-002	-0.21546	-0.21546	-0.21546	
486	8.1016e-002	-0.22811	-0.22811	-0.22811	
487	8.1183e-002	-0.23464	-0.23464	-0.23464	
488	8.135e-002	-0.23353	-0.23353	-0.23353	
489	8.1516e-002	-0.22479	-0.22479	-0.22479	
490	8.1683e-002	-0.20991	-0.20991	-0.20991	
491	8.185e-002	-0.1916	-0.1916	-0.1916	
492	8.2016e-002	-0.17318	-0.17318	-0.17318	
493	8.2183e-002	-0.15799	-0.15799	-0.15799	
494	8.235e-002	-0.14873	-0.14873	-0.14873	
495	8.2516e-002	-0.14692	-0.14692	-0.14692	
496	8.2683e-002	-0.15261	-0.15261	-0.15261	
497	8.285e-002	-0.16432	-0.16432	-0.16432	
498	8.3017e-002	-0.17933	-0.17933	-0.17933	
499	8.3183e-002	-0.19411	-0.19411	-0.19411	
500	8.335e-002	-0.20501	-0.20501	-0.20501	
501	8.3517e-002	-0.20896	-0.20896	-0.20896	
502	8.3683e-002	-0.204	-0.204	-0.204	
503	8.385e-002	-0.1898	-0.1898	-0.1898	
504	8.4017e-002	-0.16767	-0.16767	-0.16767	
505	8.4183e-002	-0.14049	-0.14049	-0.14049	
506	8.435e-002	-0.1122	-0.1122	-0.1122	
507	8.4517e-002	-8.7191e-002	-8.7191e-002	-8.7191e-002	
508	8.4684e-002	-6.9512e-002	-6.9512e-002	-6.9512e-002	
509	8.485e-002	-6.2175e-002	-6.2175e-002	-6.2175e-002	
510	8.5017e-002	-6.6567e-002	-6.6567e-002	-6.6567e-002	
511	8.5184e-002	-8.2138e-002	-8.2138e-002	-8.2138e-002	
512	8.535e-002	-0.10641	-0.10641	-0.10641	
513	8.5517e-002	-0.1353	-0.1353	-0.1353	
514	8.5684e-002	-0.16377	-0.16377	-0.16377	
515	8.585e-002	-0.18661	-0.18661	-0.18661	
516	8.6017e-002	-0.19929	-0.19929	-0.19929	
517	8.6184e-002	-0.19879	-0.19879	-0.19879	
518	8.6351e-002	-0.18409	-0.18409	-0.18409	
519	8.6517e-002	-0.15641	-0.15641	-0.15641	
520	8.6684e-002	-0.11912	-0.11912	-0.11912	
521	8.6851e-002	-7.7211e-002	-7.7211e-002	-7.7211e-002	
522	8.7017e-002	-3.656e-002	-3.656e-002	-3.656e-002	
523	8.7184e-002	-3.0167e-003	-3.0167e-003	-3.0167e-003	
524	8.7351e-002	1.8534e-002	1.8534e-002	1.8534e-002	
525	8.7517e-002	2.4964e-002	2.4964e-002	2.4964e-002	
526	8.7684e-002	1.5435e-002	1.5435e-002	1.5435e-002	
527	8.7851e-002	-8.4197e-003	-8.4197e-003	-8.4197e-003	
528	8.8018e-002	-4.2707e-002	-4.2707e-002	-4.2707e-002	
529	8.8184e-002	-8.1844e-002	-8.1844e-002	-8.1844e-002	
530	8.8351e-002	-0.11941	-0.11941	-0.11941	
531	8.8518e-002	-0.14915	-0.14915	-0.14915	
532	8.8684e-002	-0.16592	-0.16592	-0.16592	
533	8.8851e-002	-0.16655	-0.16655	-0.16655	
534	8.9018e-002	-0.15028	-0.15028	-0.15028	
535	8.9184e-002	-0.11896	-0.11896	-0.11896	
536	8.9351e-002	-7.6751e-002	-7.6751e-002	-7.6751e-002	
537	8.9518e-002	-2.9463e-002	-2.9463e-002	-2.9463e-002	
538	8.9685e-002	1.6295e-002	1.6295e-002	1.6295e-002	
539	8.9851e-002	5.4154e-002	5.4154e-002	5.4154e-002	
540	9.0018e-002	7.8959e-002	7.8959e-002	7.8959e-002	
541	9.0185e-002	8.7562e-002	8.7562e-002	8.7562e-002	
542	9.0351e-002	7.9297e-002	7.9297e-002	7.9297e-002	
543	9.0518e-002	5.6068e-002	5.6068e-002	5.6068e-002	
544	9.0685e-002	2.204e-002	2.204e-002	2.204e-002	
545	9.0851e-002	-1.7031e-002	-1.7031e-002	-1.7031e-002	
546	9.1018e-002	-5.469e-002	-5.469e-002	-5.469e-002	
547	9.1185e-002	-8.4792e-002	-8.4792e-002	-8.4792e-002	
548	9.1352e-002	-0.10244	-0.10244	-0.10244	
549	9.1518e-002	-0.1047	-0.1047	-0.1047	
550	9.1685e-002	-9.1038e-002	-9.1038e-002	-9.1038e-002	
551	9.1852e-002	-6.3347e-002	-6.3347e-002	-6.3347e-002	
552	9.2018e-002	-2.5603e-002	-2.5603e-002	-2.5603e-002	
553	9.2185e-002	1.678e-002	1.678e-002	1.678e-002	
554	9.2352e-002	5.7812e-002	5.7812e-002	5.7812e-002	
555	9.2518e-002	9.1866e-002	9.1866e-002	9.1866e-002	
556	9.2685e-002	0.11453	0.11453	0.11453	
557	9.2852e-002	0.12327	0.12327	0.12327	
558	9.3019e-002	0.11776	0.11776	0.11776	
559	9.3185e-002	9.9867e-002	9.9867e-002	9.9867e-002	
560	9.3352e-002	7.3318e-002	7.3318e-002	7.3318e-002	
561	9.3519e-002	4.3029e-002	4.3029e-002	4.3029e-002	
562	9.3685e-002	1.4316e-002	1.4316e-002	1.4316e-002	
563	9.3852e-002	-7.959e-003	-7.959e-003	-7.959e-003	
564	9.4019e-002	-2.0131e-002	-2.0131e-002	-2.0131e-002	
565	9.4185e-002	-2.0265e-002	-2.0265e-002	-2.0265e-002	
566	9.4352e-002	-8.3906e-003	-8.3906e-003	-8.3906e-003	
567	9.4519e-002	1.3577e-002	1.3577e-002	1.3577e-002	
568	9.4686e-002	4.2217e-002	4.2217e-002	4.2217e-002	
569	9.4852e-002	7.3211e-002	7.3211e-002	7.3211e-002	
570	9.5019e-002	0.10207	0.10207	0.10207	
571	9.5186e-002	0.12487	0.12487	0.12487	
572	9.5352e-002	0.13884	0.13884	0.13884	
573	9.5519e-002	0.14281	0.14281	0.14281	
574	9.5686e-002	0.13728	0.13728	0.13728	
575	9.5852e-002	0.12427	0.12427	0.12427	
576	9.6019e-002	0.10696	0.10696	0.10696	
577	9.6186e-002	8.9034e-002	8.9034e-002	8.9034e-002	
578	9.6353e-002	7.4108e-002	7.4108e-002	7.4108e-002	
579	9.6519e-002	6.5088e-002	6.5088e-002	6.5088e-002	
580	9.6686e-002	6.3727e-002	6.3727e-002	6.3727e-002	
581	9.6853e-002	7.0371e-002	7.0371e-002	7.0371e-002	
582	9.7019e-002	8.3968e-002	8.3968e-002	8.3968e-002	
583	9.7186e-002	0.1023	0.1023	0.1023	
584	9.7353e-002	0.12242	0.12242	0.12242	
585	9.7519e-002	0.14118	0.14118	0.14118	
586	9.7686e-002	0.15582	0.15582	0.15582	
587	9.7853e-002	0.16442	0.16442	0.16442	
588	9.802e-002	0.16622	0.16622	0.16622	
589	9.8186e-002	0.16174	0.16174	0.16174	
590	9.8353e-002	0.15263	0.15263	0.15263	
591	9.852e-002	0.14135	0.14135	0.14135	
592	9.8686e-002	0.13073	0.13073	0.13073	
593	9.8853e-002	0.12339	0.12339	0.12339	
594	9.902e-002	0.12134	0.12134	0.12134	
595	9.9186e-002	0.12558	0.12558	0.12558	
596	9.9353e-002	0.13593	0.13593	0.13593	
597	9.952e-002	0.15108	0.15108	0.15108	
598	9.9687e-002	0.16884	0.16884	0.16884	
599	9.9853e-002	0.18651	0.18651	0.18651	
600	0.10002	0.2014	0.2014	0.2014	
601	0.10019	0.21126	0.21126	0.21126	
602	0.10035	0.21476	0.21476	0.21476	
603	0.10052	0.21166	0.21166	0.21166	
604	0.10069	0.2029	0.2029	0.2029	
605	0.10085	0.19044	0.19044	0.19044	
606	0.10102	0.17693	0.17693	0.17693	
607	0.10119	0.16523	0.16523	0.16523	
608	0.10135	0.15794	0.15794	0.15794	
609	0.10152	0.15692	0.15692	0.15692	
610	0.10169	0.163	0.163	0.163	
611	0.10185	0.1758	0.1758	0.1758	
612	0.10202	0.19378	0.19378	0.19378	
613	0.10219	0.21453	0.21453	0.21453	
614	0.10235	0.23513	0.23513	0.23513	
615	0.10252	0.25266	0.25266	0.25266	
616	0.10269	0.26468	0.26468	0.26468	
617	0.10285	0.26965	0.26965	0.26965	
618	0.10302	0.26719	0.26719	0.26719	
619	0.10319	0.25814	0.25814	0.25814	
620	0.10335	0.24442	0.24442	0.24442	
621	0.10352	0.2287	0.2287	0.2287	
622	0.10369	0.21398	0.21398	0.21398	
623	0.10385	0.20305	0.20305	0.20305	
624	0.10402	0.19809	0.19809	0.19809	
625	0.10419	0.20025	0.20025	0.20025	
626	0.10435	0.20955	0.20955	0.20955	
627	0.10452	0.22481	0.22481	0.22481	
628	0.10469	0.24393	0.24393	0.24393	
629	0.10485	0.2642	0.2642	0.2642	
630	0.10502	0.28277	0.28277	0.28277	
631	0.10519	0.29713	0.29713	0.29713	
632	0.10535	0.30551	0.30551	0.30551	
633	0.10552	0.30715	0.30715	0.30715	
634	0.10569	0.30242	0.30242	0.30242	
635	0.10585	0.29273	0.29273	0.29273	
636	0.10602	0.28025	0.28025	0.28025	
637	0.10619	0.26756	0.26756	0.26756	
638	0.10635	0.25716	0.25716	0.25716	
639	0.10652	0.25111	0.25111	0.25111	
640	0.10669	0.25063	0.25063	0.25063	
641	0.10685	0.25596	0.25596	0.25596	
642	0.10702	0.26632	0.26632	0.26632	
643	0.10719	0.28011	0.28011	0.28011	
644	0.10735	0.29517	0.29517	0.29517	
645	0.10752	0.30921	0.30921	0.30921	
646	0.10769	0.32018	0.32018	0.32018	
647	0.10785	0.32667	0.32667	0.32667	
648	0.10802	0.32811	0.32811	0.32811	
649	0.10819	0.32488	0.32488	0.32488	
650	0.10835	0.3182	0.3182	0.3182	
651	0.10852	0.30988	0.30988	0.30988	
652	0.10869	0.30202	0.30202	0.30202	
653	0.10886	0.29659	0.29659	0.29659	
654	0.10902	0.29504	0.29504	0.29504	
655	0.10919	0.29808	0.29808	0.29808	
656	0.10936	0.30554	0.30554	0.30554	
657	0.10952	0.31635	0.31635	0.31635	
658	0.10969	0.32881	0.32881	0.32881	
659	0.10986	0.34086	0.34086	0.34086	
660	0.11002	0.35044	0.35044	0.35044	
661	0.11019	0.35594	0.35594	0.35594	
662	0.11036	0.35647	0.35647	0.35647	
663	0.11052	0.35203	0.35203	0.35203	
664	0.11069	0.3436	0.3436	0.3436	
665	0.11086	0.33292	0.33292	0.33292	
666	0.11102	0.32224	0.32224	0.32224	
667	0.11119	0.31393	0.31393	0.31393	
668	0.11136	0.31	0.31	0.31	
669	0.11152	0.3118	0.3118	0.3118	
670	0.11169	0.31968	0.31968	0.31968	
671	0.11186	0.33292	0.33292	0.33292	
672	0.11202	0.34985	0.34985	0.34985	
673	0.11219	0.36803	0.36803	0.36803	
674	0.11236	0.38468	0.38468	0.38468	
675	0.11252	0.39718	0.39718	0.39718	
676	0.11269	0.40346	0.40346	0.40346	
677	0.11286	0.40241	0.40241	0.40241	
678	0.11302	0.39409	0.39409	0.39409	
679	0.11319	0.37977	0.37977	0.37977	
680	0.11336	0.36178	0.36178	0.36178	
681	0.11352	0.3431	0.3431	0.3431	
682	0.11369	0.32696	0.32696	0.32696	
683	0.11386	0.31627	0.31627	0.31627	
684	0.11402	0.31314	0.31314	0.31314	
685	0.11419	0.31856	0.31856	0.31856	
686	0.11436	0.33216	0.33216	0.33216	
687	0.11452	0.35225	0.35225	0.35225	
688	0.11469	0.37607	0.37607	0.37607	
689	0.11486	0.40023	0.40023	0.40023	
690	0.11502	0.42117	0.42117	0.42117	
691	0.11519	0.43578	0.43578	0.43578	
692	0.11536	0.4419	0.4419	0.4419	
693	0.11552	0.43862	0.43862	0.43862	
694	0.11569	0.42649	0.42649	0.42649	
695	0.11586	0.40742	0.40742	0.40742	
696	0.11602	0.38441	0.38441	0.38441	
697	0.11619	0.36109	0.36109	0.36109	
698	0.11636	0.34112	0.34112	0.34112	
699	0.11652	0.32768	0.32768	0.32768	
700	0.11669	0.32294	0.32294	0.32294	
701	0.11686	0.32773	0.32773	0.32773	
702	0.11702	0.34142	0.34142	0.34142	
703	0.11719	0.36203	0.36203	0.36203	
704	0.11736	0.38656	0.38656	0.38656	
705	0.11752	0.41142	0.41142	0.41142	
706	0.11769	0.43301	0.43301	0.43301	
707	0.11786	0.44829	0.44829	0.44829	
708	0.11802	0.4552	0.4552	0.4552	
709	0.11819	0.45299	0.45299	0.45299	
710	0.11836	0.44229	0.44229	0.44229	
711	0.11852	0.42501	0.42501	0.42501	
712	0.11869	0.40398	0.40398	0.40398	
713	0.11886	0.38254	0.38254	0.38254	
714	0.11902	0.36397	0.36397	0.36397	
715	0.11919	0.351	0.351	0.351	
716	0.11936	0.34542	0.34542	0.34542	
717	0.11952	0.34781	0.34781	0.34781	
718	0.11969	0.35752	0.35752	0.35752	
719	0.11986	0.37281	0.37281	0.37281	
720	0.12002	0.39115	0.39115	0.39115	
721	0.12019	0.40967	0.40967	0.40967	
722	0.12036	0.42561	0.42561	0.42561	
723	0.12052	0.43678	0.43678	0.43678	
724	0.12069	0.44182	0.44182	0.44182	
725	0.12086	0.44045	0.44045	0.44045	
726	0.12102	0.43336	0.43336	0.43336	
727	0.12119	0.42216	0.42216	0.42216	
728	0.12136	0.40893	0.40893	0.40893	
729	0.12152	0.39598	0.39598	0.39598	
730	0.12169	0.38533	0.38533	0.38533	
731	0.12186	0.3785	0.3785	0.3785	
732	0.12202	0.3762	0.3762	0.3762	
733	0.12219	0.37832	0.37832	0.37832	
734	0.12236	0.38398	0.38398	0.38398	
735	0.12252	0.39174	0.39174	0.39174	
736	0.12269	0.3999	0.3999	0.3999	
737	0.12286	0.40685	0.40685	0.40685	
738	0.12302	0.41132	0.41132	0.41132	
739	0.12319	0.41265	0.41265	0.41265	
740	0.12336	0.41087	0.41087	0.41087	
741	0.12352	0.40666	0.40666	0.40666	
742	0.12369	0.40118	0.40118	0.40118	
743	0.12386	0.39584	0.39584	0.39584	
744	0.12402	0.39196	0.39196	0.39196	
745	0.12419	0.39055	0.39055	0.39055	
746	0.12436	0.39203	0.39203	0.39203	
747	0.12452	0.39618	0.39618	0.39618	
748	0.12469	0.40212	0.40212	0.40212	
749	0.12486	0.40853	0.40853	0.40853	
750	0.12502	0.41382	0.41382	0.41382	
751	0.12519	0.41653	0.41653	0.41653	
752	0.12536	0.41557	0.41557	0.41557	
753	0.12553	0.41047	0.41047	0.41047	
754	0.12569	0.40157	0.40157	0.40157	
755	0.12586	0.38995	0.38995	0.38995	
756	0.12603	0.37732	0.37732	0.37732	
757	0.12619	0.36573	0.36573	0.36573	
758	0.12636	0.35725	0.35725	0.35725	
759	0.12653	0.35355	0.35355	0.35355	
760	0.12669	0.35561	0.35561	0.35561	
761	0.12686	0.36351	0.36351	0.36351	
762	0.12703	0.3763	0.3763	0.3763	
763	0.12719	0.39216	0.39216	0.39216	
764	0.12736	0.40863	0.40863	0.40863	
765	0.12753	0.42294	0.42294	0.42294	
766	0.12769	0.43254	0.43254	0.43254	
767	0.12786	0.43542	0.43542	0.43542	
768	0.12803	0.43057	0.43057	0.43057	
769	0.12819	0.41813	0.41813	0.41813	
770	0.12836	0.39943	0.39943	0.39943	
771	0.12853	0.37684	0.37684	0.37684	
772	0.12869	0.35346	0.35346	0.35346	
773	0.12886	0.33261	0.33261	0.33261	
774	0.12903	0.31737	0.31737	0.31737	
775	0.12919	0.31006	0.31006	0.31006	
776	0.12936	0.31187	0.31187	0.31187	
777	0.12953	0.32264	0.32264	0.32264	
778	0.12969	0.34085	0.34085	0.34085	
779	0.12986	0.36384	0.36384	0.36384	
780	0.13003	0.38813	0.38813	0.38813	
781	0.13019	0.40999	0.40999	0.40999	
782	0.13036	0.42598	0.42598	0.42598	
783	0.13053	0.43343	0.43343	0.43343	
784	0.13069	0.43092	0.43092	0.43092	
785	0.13086	0.41846	0.41846	0.41846	
786	0.13103	0.39752	0.39752	0.39752	
787	0.13119	0.3708	0.3708	0.3708	
788	0.13136	0.3419	0.3419	0.3419	
789	0.13153	0.3147	0.3147	0.3147	
790	0.13169	0.29287	0.29287	0.29287	
791	0.13186	0.27928	0.27928	0.27928	
792	0.13203	0.27563	0.27563	0.27563	
793	0.13219	0.28215	0.28215	0.28215	
794	0.13236	0.29761	0.29761	0.29761	
795	0.13253	0.31952	0.31952	0.31952	
796	0.13269	0.34448	0.34448	0.34448	
797	0.13286	0.36869	0.36869	0.36869	
798	0.13303	0.38853	0.38853	0.38853	
799	0.13319	0.40103	0.40103	0.40103	
800	0.13336	0.40432	0.40432	0.40432	
801	0.13353	0.39788	0.39788	0.39788	
802	0.13369	0.38254	0.38254	0.38254	
803	0.13386	0.36038	0.36038	0.36038	
804	0.13403	0.33435	0.33435	0.33435	
805	0.13419	0.30786	0.30786	0.30786	
806	0.13436	0.28425	0.28425	0.28425	
807	0.13453	0.26637	0.26637	0.26637	
808	0.13469	0.25614	0.25614	0.25614	
809	0.13486	0.25436	0.25436	0.25436	
810	0.13503	0.26064	0.26064	0.26064	
811	0.13519	0.2735	0.2735	0.2735	
812	0.13536	0.29063	0.29063	0.29063	
813	0.13553	0.30925	0.30925	0.30925	
814	0.13569	0.32655	0.32655	0.32655	
815	0.13586	0.34004	0.34004	0.34004	
816	0.13603	0.34788	0.34788	0.34788	
817	0.13619	0.34912	0.34912	0.34912	
818	0.13636	0.34372	0.34372	0.34372	
819	0.13653	0.33252	0.33252	0.33252	
820	0.13669	0.31703	0.31703	0.31703	
821	0.13686	0.29919	0.29919	0.29919	
822	0.13703	0.2811	0.2811	0.2811	
823	0.13719	0.26466	0.26466	0.26466	
824	0.13736	0.2514	0.2514	0.2514	
825	0.13753	0.24233	0.24233	0.24233	
826	0.13769	0.23781	0.23781	0.23781	
827	0.13786	0.23765	0.23765	0.23765	
828	0.13803	0.24118	0.24118	0.24118	
829	0.13819	0.24739	0.24739	0.24739	
830	0.13836	0.25511	0.25511	0.25511	
831	0.13853	0.26315	0.26315	0.26315	
832	0.13869	0.27047	0.27047	0.27047	
833	0.13886	0.27621	0.27621	0.27621	
834	0.13903	0.27977	0.27977	0.27977	
835	0.13919	0.28081	0.28081	0.28081	
836	0.13936	0.27917	0.27917	0.27917	
837	0.13953	0.27494	0.27494	0.27494	
838	0.13969	0.26829	0.26829	0.26829	
839	0.13986	0.25958	0.25958	0.25958	
840	0.14003	0.24922	0.24922	0.24922	
841	0.14019	0.23779	0.23779	0.23779	
842	0.14036	0.22592	0.22592	0.22592	
843	0.14053	0.21439	0.21439	0.21439	
844	0.14069	0.204	0.204	0.204	
845	0.14086	0.1956	0.1956	0.1956	
846	0.14103	0.18991	0.18991	0.18991	
847	0.14119	0.18749	0.18749	0.18749	
848	0.14136	0.18862	0.18862	0.18862	
849	0.14153	0.19316	0.19316	0.19316	
850	0.14169	0.20057	0.20057	0.20057	
851	0.14186	0.20984	0.20984	0.20984	
852	0.14203	0.21965	0.21965	0.21965	
853	0.1422	0.22842	0.22842	0.22842	
854	0.14236	0.23459	0.23459	0.23459	
855	0.14253	0.23675	0.23675	0.23675	
856	0.1427	0.23396	0.23396	0.23396	
857	0.14286	0.22583	0.22583	0.22583	
858	0.14303	0.2127	0.2127	0.2127	
859	0.1432	0.19563	0.19563	0.19563	
860	0.14336	0.17627	0.17627	0.17627	
861	0.14353	0.15671	0.15671	0.15671	
862	0.1437	0.13919	0.13919	0.13919	
863	0.14386	0.12577	0.12577	0.12577	
864	0.14403	0.11805	0.11805	0.11805	
865	0.1442	0.11688	0.11688	0.11688	
866	0.14436	0.12225	0.12225	0.12225	
867	0.14453	0.13317	0.13317	0.13317	
868	0.1447	0.14788	0.14788	0.14788	
869	0.14486	0.16398	0.16398	0.16398	
870	0.14503	0.17883	0.17883	0.17883	
871	0.1452	0.18988	0.18988	0.18988	
872	0.14536	0.19506	0.19506	0.19506	
873	0.14553	0.19311	0.19311	0.19311	
874	0.1457	0.18373	0.18373	0.18373	
875	0.14586	0.16772	0.16772	0.16772	
876	0.14603	0.1468	0.1468	0.1468	
877	0.1462	0.12343	0.12343	0.12343	
878	0.14636	0.10042	0.10042	0.10042	
879	0.14653	8.0547e-002	8.0547e-002	8.0547e-002	
880	0.1467	6.6141e-002	6.6141e-002	6.6141e-002	
881	0.14686	5.8742e-002	5.8742e-002	5.8742e-002	
882	0.14703	5.8876e-002	5.8876e-002	5.8876e-002	
883	0.1472	6.5985e-002	6.5985e-002	6.5985e-002	
884	0.14736	7.8511e-002	7.8511e-002	7.8511e-002	
885	0.14753	9.4132e-002	9.4132e-002	9.4132e-002	
886	0.1477	0.11012	0.11012	0.11012	
887	0.14786	0.12372	0.12372	0.12372	
888	0.14803	0.13261	0.13261	0.13261	
889	0.1482	0.13515	0.13515	0.13515	
890	0.14836	0.1307	0.1307	0.1307	
891	0.14853	0.11963	0.11963	0.11963	
892	0.1487	0.10326	0.10326	0.10326	
893	0.14886	8.3624e-002	8.3624e-002	8.3624e-002	
894	0.14903	6.3177e-002	6.3177e-002	6.3177e-002	
895	0.1492	4.4382e-002	4.4382e-002	4.4382e-002	
896	0.14936	2.9353e-002	2.9353e-002	2.9353e-002	
897	0.14953	1.956e-002	1.956e-002	1.956e-002	
898	0.1497	1.5625e-002	1.5625e-002	1.5625e-002	
899	0.14986	1.7277e-002	1.7277e-002	1.7277e-002	
900	0.15003	2.3431e-002	2.3431e-002	2.3431e-002	
901	0.1502	3.2399e-002	3.2399e-002	3.2399e-002	
902	0.15036	4.2182e-002	4.2182e-002	4.2182e-002	
903	0.15053	5.0796e-002	5.0796e-002	5.0796e-002	
904	0.1507	5.6576e-002	5.6576e-002	5.6576e-002	
905	0.15086	5.8421e-002	5.8421e-002	5.8421e-002	
906	0.15103	5.5922e-002	5.5922e-002	5.5922e-002	
907	0.1512	4.9382e-002	4.9382e-002	4.9382e-002	
908	0.15136	3.9707e-002	3.9707e-002	3.9707e-002	
909	0.15153	2.8214e-002	2.8214e-002	2.8214e-002	
910	0.1517	1.6374e-002	1.6374e-002	1.6374e-002	
911	0.15186	5.5544e-003	5.5544e-003	5.5544e-003	
912	0.15203	-3.2093e-003	-3.2093e-003	-3.2093e-003	
913	0.1522	-9.3641e-003	-9.3641e-003	-9.3641e-003	
914	0.15236	-1.2893e-002	-1.2893e-002	-1.2893e-002	
915	0.15253	-1.427e-002	-1.427e-002	-1.427e-002	
916	0.1527	-1.4321e-002	-1.4321e-002	-1.4321e-002	
917	0.15286	-1.4033e-002	-1.4033e-002	-1.4033e-002	
918	0.15303	-1.4336e-002	-1.4336e-002	-1.4336e-002	
919	0.1532	-1.5913e-002	-1.5913e-002	-1.5913e-002	
920	0.15336	-1.9065e-002	-1.9065e-002	-1.9065e-002	
921	0.15353	-2.3661e-002	-2.3661e-002	-2.3661e-002	
922	0.1537	-2.9179e-002	-2.9179e-002	-2.9179e-002	
923	0.15386	-3.4831e-002	-3.4831e-002	-3.4831e-002	
924	0.15403	-3.9752e-002	-3.9752e-002	-3.9752e-002	
925	0.1542	-4.3198e-002	-4.3198e-002	-4.3198e-002	
926	0.15436	-4.4732e-002	-4.4732e-002	-4.4732e-002	
927	0.15453	-4.4353e-002	-4.4353e-002	-4.4353e-002	
928	0.1547	-4.2532e-002	-4.2532e-002	-4.2532e-002	
929	0.15486	-4.0154e-002	-4.0154e-002	-4.0154e-002	
930	0.15503	-3.8373e-002	-3.8373e-002	-3.8373e-002	
931	0.1552	-3.8393e-002	-3.8393e-002	-3.8393e-002	
932	0.15536	-4.123e-002	-4.123e-002	-4.123e-002	
933	0.15553	-4.7485e-002	-4.7485e-002	-4.7485e-002	
934	0.1557	-5.7187e-002	-5.7187e-002	-5.7187e-002	
935	0.15586	-6.9721e-002	-6.9721e-002	-6.9721e-002	
936	0.15603	-8.3882e-002	-8.3882e-002	-8.3882e-002	
937	0.1562	-9.8035e-002	-9.8035e-002	-9.8035e-002	
938	0.15636	-0.11037	-0.11037	-0.11037	
939	0.15653	-0.1192	-0.1192	-0.1192	
940	0.1567	-0.12328	-0.12328	-0.12328	
941	0.15686	-0.12203	-0.12203	-0.12203	
942	0.15703	-0.11574	-0.11574	-0.11574	
943	0.1572	-0.10551	-0.10551	-0.10551	
944	0.15736	-9.318e-002	-9.318e-002	-9.318e-002	
945	0.15753	-8.1072e-002	-8.1072e-002	-8.1072e-002	
946	0.1577	-7.1614e-002	-7.1614e-002	-7.1614e-002	
947	0.15786	-6.6969e-002	-6.6969e-002	-6.6969e-002	
948	0.15803	-6.8668e-002	-6.8668e-002	-6.8668e-002	
949	0.1582	-7.7324e-002	-7.7324e-002	-7.7324e-002	
950	0.15836	-9.2488e-002	-9.2488e-002	-9.2488e-002	
951	0.15853	-0.11267	-0.11267	-0.11267	
952	0.1587	-0.13552	-0.13552	-0.13552	
953	0.15887	-0.15818	-0.15818	-0.15818	
954	0.15903	-0.17768	-0.17768	-0.17768	
955	0.1592	-0.19145	-0.19145	-0.19145	
956	0.15937	-0.19767	-0.19767	-0.19767	
957	0.15953	-0.19565	-0.19565	-0.19565	
958	0.1597	-0.18593	-0.18593	-0.18593	
959	0.15987	-0.17024	-0.17024	-0.17024	
960	0.16003	-0.15127	-0.15127	-0.15127	
961	0.1602	-0.13228	-0.13228	-0.13228	
962	0.16037	-0.1166	-0.1166	-0.1166	
963	0.16053	-0.10714	-0.10714	-0.10714	
964	0.1607	-0.1059	-0.1059	-0.1059	
965	0.16087	-0.11367	-0.11367	-0.11367	
966	0.16103	-0.12988	-0.12988	-0.12988	
967	0.1612	-0.15267	-0.15267	-0.15267	
968	0.16137	-0.17917	-0.17917	-0.17917	
969	0.16153	-0.20589	-0.20589	-0.20589	
970	0.1617	-0.22929	-0.22929	-0.22929	
971	0.16187	-0.24631	-0.24631	-0.24631	
972	0.16203	-0.25482	-0.25482	-0.25482	
973	0.1622	-0.254	-0.254	-0.254	
974	0.16237	-0.24442	-0.24442	-0.24442	
975	0.16253	-0.22798	-0.22798	-0.22798	
976	0.1627	-0.20762	-0.20762	-0.20762	
977	0.16287	-0.18688	-0.18688	-0.18688	
978	0.16303	-0.16933	-0.16933	-0.16933	
979	0.1632	-0.15803	-0.15803	-0.15803	
980	0.16337	-0.15507	-0.15507	-0.15507	
981	0.16353	-0.16128	-0.16128	-0.16128	
982	0.1637	-0.17602	-0.17602	-0.17602	
983	0.16387	-0.19741	-0.19741	-0.19741	
984	0.16403	-0.22254	-0.22254	-0.22254	
985	0.1642	-0.24797	-0.24797	-0.24797	
986	0.16437	-0.27024	-0.27024	-0.27024	
987	0.16453	-0.28647	-0.28647	-0.28647	
988	0.1647	-0.2947	-0.2947	-0.2947	
989	0.16487	-0.29428	-0.29428	-0.29428	
990	0.16503	-0.28588	-0.28588	-0.28588	
991	0.1652	-0.2714	-0.2714	-0.2714	
992	0.16537	-0.25364	-0.25364	-0.25364	
993	0.16553	-0.23586	-0.23586	-0.23586	
994	0.1657	-0.22122	-0.22122	-0.22122	
995	0.16587	-0.21235	-0.21235	-0.21235	
996	0.16603	-0.21088	-0.21088	-0.21088	
997	0.1662	-0.21725	-0.21725	-0.21725	
998	0.16637	-0.23065	-0.23065	-0.23065	
999	0.16653	-0.24915	-0.24915	-0.24915	
1000	0.1667	-0.27008	-0.27008	-0.27008	
1001	0.16687	-0.29045	-0.29045	-0.29045	
1002	0.16703	-0.30742	-0.30742	-0.30742	
1003	0.1672	-0.31879	-0.31879	-0.31879	
1004	0.16737	-0.32329	-0.32329	-0.32329	
1005	0.16753	-0.32083	-0.32083	-0.32083	
1006	0.1677	-0.31243	-0.31243	-0.31243	
1007	0.16787	-0.30003	-0.30003	-0.30003	
1008	0.16803	-0.28621	-0.28621	-0.28621	
1009	0.1682	-0.27368	-0.27368	-0.27368	
1010	0.16837	-0.26487	-0.26487	-0.26487	
1011	0.16853	-0.26153	-0.26153	-0.26153	
1012	0.1687	-0.26447	-0.26447	-0.26447	
1013	0.16887	-0.27339	-0.27339	-0.27339	
1014	0.16903	-0.28704	-0.28704	-0.28704	
1015	0.1692	-0.30336	-0.30336	-0.30336	
1016	0.16937	-0.31991	-0.31991	-0.31991	
1017	0.16953	-0.33423	-0.33423	-0.33423	
1018	0.1697	-0.34429	-0.34429	-0.34429	
1019	0.16987	-0.34883	-0.34883	-0.34883	
1020	0.17003	-0.34751	-0.34751	-0.34751	
1021	0.1702	-0.34103	-0.34103	-0.34103	
1022	0.17037	-0.33091	-0.33091	-0.33091	
1023	0.17053	-0.31931	-0.31931	-0.31931	
1024	0.1707	-0.30861	-0.30861	-0.30861	
1025	0.17087	-0.30099	-0.30099	-0.30099	
1026	0.17103	-0.29811	-0.29811	-0.29811	
1027	0.1712	-0.30079	-0.30079	-0.30079	
1028	0.17137	-0.30889	-0.30889	-0.30889	
1029	0.17153	-0.32136	-0.32136	-0.32136	
1030	0.1717	-0.33639	-0.33639	-0.33639	
1031	0.17187	-0.35173	-0.35173	-0.35173	
1032	0.17203	-0.36509	-0.36509	-0.36509	
1033	0.1722	-0.37449	-0.37449	-0.37449	
1034	0.17237	-0.37864	-0.37864	-0.37864	
1035	0.17253	-0.37712	-0.37712	-0.37712	
1036	0.1727	-0.37044	-0.37044	-0.37044	
1037	0.17287	-0.36	-0.36	-0.36	
1038	0.17303	-0.34782	-0.34782	-0.34782	
1039	0.1732	-0.33619	-0.33619	-0.33619	
1040	0.17337	-0.32734	-0.32734	-0.32734	
1041	0.17353	-0.32301	-0.32301	-0.32301	
1042	0.1737	-0.3242	-0.3242	-0.3242	
1043	0.17387	-0.33099	-0.33099	-0.33099	
1044	0.17403	-0.34254	-0.34254	-0.34254	
1045	0.1742	-0.35721	-0.35721	-0.35721	
1046	0.17437	-0.37287	-0.37287	-0.37287	
1047	0.17453	-0.38721	-0.38721	-0.38721	
1048	0.1747	-0.39814	-0.39814	-0.39814	
1049	0.17487	-0.40414	-0.40414	-0.40414	
1050	0.17503	-0.40447	-0.40447	-0.40447	
1051	0.1752	-0.39935	-0.39935	-0.39935	
1052	0.17537	-0.38983	-0.38983	-0.38983	
1053	0.17554	-0.3777	-0.3777	-0.3777	
1054	0.1757	-0.36513	-0.36513	-0.36513	
1055	0.17587	-0.35434	-0.35434	-0.35434	
1056	0.17604	-0.34723	-0.34723	-0.34723	
1057	0.1762	-0.34507	-0.34507	-0.34507	
1058	0.17637	-0.34832	-0.34832	-0.34832	
1059	0.17654	-0.35655	-0.35655	-0.35655	
1060	0.1767	-0.36854	-0.36854	-0.36854	
1061	0.17687	-0.38246	-0.38246	-0.38246	
1062	0.17704	-0.39623	-0.39623	-0.39623	
1063	0.1772	-0.40781	-0.40781	-0.40781	
1064	0.17737	-0.41555	-0.41555	-0.41555	
1065	0.17754	-0.41849	-0.41849	-0.41849	
1066	0.1777	-0.41643	-0.41643	-0.41643	
1067	0.17787	-0.41	-0.41	-0.41	
1068	0.17804	-0.40053	-0.40053	-0.40053	
1069	0.1782	-0.38979	-0.38979	-0.38979	
1070	0.17837	-0.37971	-0.37971	-0.37971	
1071	0.17854	-0.37204	-0.37204	-0.37204	
1072	0.1787	-0.36807	-0.36807	-0.36807	
1073	0.17887	-0.36845	-0.36845	-0.36845	
1074	0.17904	-0.37305	-0.37305	-0.37305	
1075	0.1792	-0.38106	-0.38106	-0.38106	
1076	0.17937	-0.39108	-0.39108	-0.39108	
1077	0.17954	-0.40145	-0.40145	-0.40145	
1078	0.1797	-0.41048	-0.41048	-0.41048	
1079	0.17987	-0.41677	-0.41677	-0.41677	
1080	0.18004	-0.41944	-0.41944	-0.41944	
1081	0.1802	-0.41826	-0.41826	-0.41826	
1082	0.18037	-0.41368	-0.41368	-0.41368	
1083	0.18054	-0.40672	-0.40672	-0.40672	
1084	0.1807	-0.39882	-0.39882	-0.39882	
1085	0.18087	-0.39151	-0.39151	-0.39151	
1086	0.18104	-0.3862	-0.3862	-0.3862	
1087	0.1812	-0.38387	-0.38387	-0.38387	
1088	0.18137	-0.38497	-0.38497	-0.38497	
1089	0.18154	-0.38926	-0.38926	-0.38926	
1090	0.1817	-0.39595	-0.39595	-0.39595	
1091	0.18187	-0.40377	-0.40377	-0.40377	
1092	0.18204	-0.41127	-0.41127	-0.41127	
1093	0.1822	-0.41701	-0.41701	-0.41701	
1094	0.18237	-0.4199	-0.4199	-0.4199	
1095	0.18254	-0.41936	-0.41936	-0.41936	
1096	0.1827	-0.41543	-0.41543	-0.41543	
1097	0.18287	-0.40878	-0.40878	-0.40878	
1098	0.18304	-0.40059	-0.40059	-0.40059	
1099	0.1832	-0.39237	-0.39237	-0.39237	
1100	0.18337	-0.38564	-0.38564	-0.38564	
1101	0.18354	-0.3817	-0.3817	-0.3817	
1102	0.1837	-0.3814	-0.3814	-0.3814	
1103	0.18387	-0.38492	-0.38492	-0.38492	
1104	0.18404	-0.39178	-0.39178	-0.39178	
1105	0.1842	-0.40087	-0.40087	-0.40087	
1106	0.18437	-0.41064	-0.41064	-0.41064	
1107	0.18454	-0.41936	-0.41936	-0.41936	
1108	0.1847	-0.42541	-0.42541	-0.42541	
1109	0.18487	-0.42757	-0.42757	-0.42757	
1110	0.18504	-0.42524	-0.42524	-0.42524	
1111	0.1852	-0.41856	-0.41856	-0.41856	
1112	0.18537	-0.40839	-0.40839	-0.40839	
1113	0.18554	-0.39623	-0.39623	-0.39623	
1114	0.1857	-0.38393	-0.38393	-0.38393	
1115	0.18587	-0.37344	-0.37344	-0.37344	
1116	0.18604	-0.36645	-0.36645	-0.36645	
1117	0.1862	-0.36414	-0.36414	-0.36414	
1118	0.18637	-0.36693	-0.36693	-0.36693	
1119	0.18654	-0.37444	-0.37444	-0.37444	
1120	0.1867	-0.3855	-0.3855	-0.3855	
1121	0.18687	-0.39834	-0.39834	-0.39834	
1122	0.18704	-0.41087	-0.41087	-0.41087	
1123	0.1872	-0.42098	-0.42098	-0.42098	
1124	0.18737	-0.42693	-0.42693	-0.42693	
1125	0.18754	-0.42759	-0.42759	-0.42759	
1126	0.1877	-0.42264	-0.42264	-0.42264	
1127	0.18787	-0.41264	-0.41264	-0.41264	
1128	0.18804	-0.39893	-0.39893	-0.39893	
1129	0.1882	-0.38345	-0.38345	-0.38345	
1130	0.18837	-0.36842	-0.36842	-0.36842	
1131	0.18854	-0.35601	-0.35601	-0.35601	
1132	0.1887	-0.34795	-0.34795	-0.34795	
1133	0.18887	-0.34535	-0.34535	-0.34535	
1134	0.18904	-0.34843	-0.34843	-0.34843	
1135	0.1892	-0.35656	-0.35656	-0.35656	
1136	0.18937	-0.36831	-0.36831	-0.36831	
1137	0.18954	-0.38171	-0.38171	-0.38171	
1138	0.1897	-0.39456	-0.39456	-0.39456	
1139	0.18987	-0.40474	-0.40474	-0.40474	
1140	0.19004	-0.41058	-0.41058	-0.41058	
1141	0.1902	-0.41109	-0.41109	-0.41109	
1142	0.19037	-0.40609	-0.40609	-0.40609	
1143	0.19054	-0.39625	-0.39625	-0.39625	
1144	0.1907	-0.38296	-0.38296	-0.38296	
1145	0.19087	-0.3681	-0.3681	-0.3681	
1146	0.19104	-0.35372	-0.35372	-0.35372	
1147	0.1912	-0.34175	-0.34175	-0.34175	
1148	0.19137	-0.33368	-0.33368	-0.33368	
1149	0.19154	-0.33037	-0.33037	-0.33037	
1150	0.1917	-0.3319	-0.3319	-0.3319	
1151	0.19187	-0.3376	-0.3376	-0.3376	
1152	0.19204	-0.34621	-0.34621	-0.34621	
1153	0.19221	-0.35604	-0.35604	-0.35604	
1154	0.19237	-0.36532	-0.36532	-0.36532	
1155	0.19254	-0.37242	-0.37242	-0.37242	
1156	0.19271	-0.37616	-0.37616	-0.37616	
1157	0.19287	-0.37591	-0.37591	-0.37591	
1158	0.19304	-0.37174	-0.37174	-0.37174	
1159	0.19321	-0.36429	-0.36429	-0.36429	
1160	0.19337	-0.3547	-0.3547	-0.3547	
1161	0.19354	-0.34434	-0.34434	-0.34434	
1162	0.19371	-0.33464	-0.33464	-0.33464	
1163	0.19387	-0.32677	-0.32677	-0.32677	
1164	0.19404	-0.32153	-0.32153	-0.32153	
1165	0.19421	-0.31919	-0.31919	-0.31919	
1166	0.19437	-0.3195	-0.3195	-0.3195	
1167	0.19454	-0.32178	-0.32178	-0.32178	
1168	0.19471	-0.32505	-0.32505	-0.32505	
1169	0.19487	-0.32824	-0.32824	-0.32824	
1170	0.19504	-0.3304	-0.3304	-0.3304	
1171	0.19521	-0.33085	-0.33085	-0.33085	
1172	0.19537	-0.3293	-0.3293	-0.3293	
1173	0.19554	-0.32591	-0.32591	-0.32591	
1174	0.19571	-0.32119	-0.32119	-0.32119	
1175	0.19587	-0.31592	-0.31592	-0.31592	
1176	0.19604	-0.31096	-0.31096	-0.31096	
1177	0.19621	-0.30706	-0.30706	-0.30706	
1178	0.19637	-0.30471	-0.30471	-0.30471	
1179	0.19654	-0.30405	-0.30405	-0.30405	
1180	0.19671	-0.30478	-0.30478	-0.30478	
1181	0.19687	-0.30627	-0.30627	-0.30627	
1182	0.19704	-0.30765	-0.30765	-0.30765	
1183	0.19721	-0.30798	-0.30798	-0.30798	
1184	0.19737	-0.30645	-0.30645	-0.30645	
1185	0.19754	-0.3026	-0.3026	-0.3026	
1186	0.19771	-0.29634	-0.29634	-0.29634	
1187	0.19787	-0.28813	-0.28813	-0.28813	
1188	0.19804	-0.27881	-0.27881	-0.27881	
1189	0.19821	-0.26955	-0.26955	-0.26955	
1190	0.19837	-0.26164	-0.26164	-0.26164	
1191	0.19854	-0.25625	-0.25625	-0.25625	
1192	0.19871	-0.25417	-0.25417	-0.25417	
1193	0.19887	-0.25573	-0.25573	-0.25573	
1194	0.19904	-0.26059	-0.26059	-0.26059	
1195	0.19921	-0.26785	-0.26785	-0.26785	
1196	0.19937	-0.27609	-0.27609	-0.27609	
1197	0.19954	-0.28362	-0.28362	-0.28362	
1198	0.19971	-0.28873	-0.28873	-0.28873	
1199	0.19987	-0.28998	-0.28998	-0.28998	
1200	0.20004	-0.28646	-0.28646	-0.28646	
1201	0.20021	-0.27796	-0.27796	-0.27796	
1202	0.20037	-0.26507	-0.26507	-0.26507	
1203	0.20054	-0.24911	-0.24911	-0.24911	
1204	0.20071	-0.23194	-0.23194	-0.23194	
1205	0.20087	-0.21573	-0.21573	-0.21573	
1206	0.20104	-0.20262	-0.20262	-0.20262	
1207	0.20121	-0.19433	-0.19433	-0.19433	
1208	0.20137	-0.19193	-0.19193	-0.19193	
1209	0.20154	-0.19564	-0.19564	-0.19564	
1210	0.20171	-0.20471	-0.20471	-0.20471	
1211	0.20187	-0.21755	-0.21755	-0.21755	
1212	0.20204	-0.23196	-0.23196	-0.23196	
1213	0.20221	-0.24538	-0.24538	-0.24538	
1214	0.20237	-0.25535	-0.25535	-0.25535	
1215	0.20254	-0.25985	-0.25985	-0.25985	
1216	0.20271	-0.25762	-0.25762	-0.25762	
1217	0.20287	-0.24838	-0.24838	-0.24838	
1218	0.20304	-0.2329	-0.2329	-0.2329	
1219	0.20321	-0.21289	-0.21289	-0.21289	
1220	0.20337	-0.19077	-0.19077	-0.19077	
1221	0.20354	-0.16931	-0.16931	-0.16931	
1222	0.20371	-0.15124	-0.15124	-0.15124	
1223	0.20387	-0.1388	-0.1388	-0.1388	
1224	0.20404	-0.13343	-0.13343	-0.13343	
1225	0.20421	-0.13554	-0.13554	-0.13554	
1226	0.20437	-0.14444	-0.14444	-0.14444	
1227	0.20454	-0.15843	-0.15843	-0.15843	
1228	0.20471	-0.17503	-0.17503	-0.17503	
1229	0.20487	-0.19141	-0.19141	-0.19141	
1230	0.20504	-0.20472	-0.20472	-0.20472	
1231	0.20521	-0.2126	-0.2126	-0.2126	
1232	0.20537	-0.21346	-0.21346	-0.21346	
1233	0.20554	-0.20674	-0.20674	-0.20674	
1234	0.20571	-0.19301	-0.19301	-0.19301	
1235	0.20587	-0.17383	-0.17383	-0.17383	
1236	0.20604	-0.15155	-0.15155	-0.15155	
1237	0.20621	-0.12896	-0.12896	-0.12896	
1238	0.20637	-0.10884	-0.10884	-0.10884	
1239	0.20654	-9.356e-002	-9.356e-002	-9.356e-002	
1240	0.20671	-8.478e-002	-8.478e-002	-8.478e-002	
1241	0.20687	-8.3169e-002	-8.3169e-002	-8.3169e-002	
1242	0.20704	-8.8347e-002	-8.8347e-002	-8.8347e-002	
1243	0.20721	-9.8958e-002	-9.8958e-002	-9.8958e-002	
1244	0.20737	-0.11289	-0.11289	-0.11289	
1245	0.20754	-0.1276	-0.1276	-0.1276	
1246	0.20771	-0.14051	-0.14051	-0.14051	
1247	0.20787	-0.14936	-0.14936	-0.14936	
1248	0.20804	-0.15254	-0.15254	-0.15254	
1249	0.20821	-0.14932	-0.14932	-0.14932	
1250	0.20837	-0.13991	-0.13991	-0.13991	
1251	0.20854	-0.12541	-0.12541	-0.12541	
1252	0.20871	-0.1076	-0.1076	-0.1076	
1253	0.20888	-8.8669e-002	-8.8669e-002	-8.8669e-002	
1254	0.20904	-7.087e-002	-7.087e-002	-7.087e-002	
1255	0.20921	-5.6193e-002	-5.6193e-002	-5.6193e-002	
1256	0.20938	-4.608e-002	-4.608e-002	-4.608e-002	
1257	0.20954	-4.1245e-002	-4.1245e-002	-4.1245e-002	
1258	0.20971	-4.1602e-002	-4.1602e-002	-4.1602e-002	
1259	0.20988	-4.6321e-002	-4.6321e-002	-4.6321e-002	
1260	0.21004	-5.399e-002	-5.399e-002	-5.399e-002	
1261	0.21021	-6.2858e-002	-6.2858e-002	-6.2858e-002	
1262	0.21038	-7.1113e-002	-7.1113e-002	-7.1113e-002	
1263	0.21054	-7.7152e-002	-7.7152e-002	-7.7152e-002	
1264	0.21071	-7.9806e-002	-7.9806e-002	-7.9806e-002	
1265	0.21088	-7.8483e-002	-7.8483e-002	-7.8483e-002	
1266	0.21104	-7.3215e-002	-7.3215e-002	-7.3215e-002	
1267	0.21121	-6.4604e-002	-6.4604e-002	-6.4604e-002	
1268	0.21138	-5.3689e-002	-5.3689e-002	-5.3689e-002	
1269	0.21154	-4.175e-002	-4.175e-002	-4.175e-002	
1270	0.21171	-3.0097e-002	-3.0097e-002	-3.0097e-002	
1271	0.21188	-1.9862e-002	-1.9862e-002	-1.9862e-002	
1272	0.21204	-1.1846e-002	-1.1846e-002	-1.1846e-002	
1273	0.21221	-6.4266e-003	-6.4266e-003	-6.4266e-003	
1274	0.21238	-3.542e-003	-3.542e-003	-3.542e-003	
1275	0.21254	-2.7514e-003	-2.7514e-003	-2.7514e-003	
1276	0.21271	-3.3485e-003	-3.3485e-003	-3.3485e-003	
1277	0.21288	-4.5099e-003	-4.5099e-003	-4.5099e-003	
1278	0.21304	-5.4481e-003	-5.4481e-003	-5.4481e-003	
1279	0.21321	-5.5418e-003	-5.5418e-003	-5.5418e-003	
1280	0.21338	-4.4231e-003	-4.4231e-003	-4.4231e-003	
1281	0.21354	-2.0091e-003	-2.0091e-003	-2.0091e-003	
1282	0.21371	1.5232e-003	1.5232e-003	1.5232e-003	
1283	0.21388	5.8097e-003	5.8097e-003	5.8097e-003	
1284	0.21404	1.0402e-002	1.0402e-002	1.0402e-002	
1285	0.21421	1.4879e-002	1.4879e-002	1.4879e-002	
1286	0.21438	1.8939e-002	1.8939e-002	1.8939e-002	
1287	0.21454	2.2469e-002	2.2469e-002	2.2469e-002	
1288	0.21471	2.5554e-002	2.5554e-002	2.5554e-002	
1289	0.21488	2.8455e-002	2.8455e-002	2.8455e-002	
1290	0.21504	3.1534e-002	3.1534e-002	3.1534e-002	
1291	0.21521	3.516e-002	3.516e-002	3.516e-002	
1292	0.21538	3.9615e-002	3.9615e-002	3.9615e-002	
1293	0.21554	4.5005e-002	4.5005e-002	4.5005e-002	
1294	0.21571	5.1212e-002	5.1212e-002	5.1212e-002	
1295	0.21588	5.7898e-002	5.7898e-002	5.7898e-002	
1296	0.21604	6.4539e-002	6.4539e-002	6.4539e-002	
1297	0.21621	7.0524e-002	7.0524e-002	7.0524e-002	
1298	0.21638	7.5259e-002	7.5259e-002	7.5259e-002	
1299	0.21654	7.8295e-002	7.8295e-002	7.8295e-002	
1300	0.21671	7.9423e-002	7.9423e-002	7.9423e-002	
1301	0.21688	7.8746e-002	7.8746e-002	7.8746e-002	
1302	0.21704	7.6693e-002	7.6693e-002	7.6693e-002	
1303	0.21721	7.397e-002	7.397e-002	7.397e-002	
1304	0.21738	7.1467e-002	7.1467e-002	7.1467e-002	
1305	0.21754	7.0123e-002	7.0123e-002	7.0123e-002	
1306	0.21771	7.0768e-002	7.0768e-002	7.0768e-002	
1307	0.21788	7.3982e-002	7.3982e-002	7.3982e-002	
1308	0.21804	7.9983e-002	7.9983e-002	7.9983e-002	
1309	0.21821	8.8563e-002	8.8563e-002	8.8563e-002	
1310	0.21838	9.9104e-002	9.9104e-002	9.9104e-002	
1311	0.21854	0.11065	0.11065	0.11065	
1312	0.21871	0.12203	0.12203	0.12203	
1313	0.21888	0.13205	0.13205	0.13205	
1314	0.21904	0.13968	0.13968	0.13968	
1315	0.21921	0.14417	0.14417	0.14417	
1316	0.21938	0.14524	0.14524	0.14524	
1317	0.21954	0.1431	0.1431	0.1431	
1318	0.21971	0.13844	0.13844	0.13844	
1319	0.21988	0.13234	0.13234	0.13234	
1320	0.22004	0.12612	0.12612	0.12612	
1321	0.22021	0.12114	0.12114	0.12114	
1322	0.22038	0.11859	0.11859	0.11859	
1323	0.22054	0.11933	0.11933	0.11933	
1324	0.22071	0.12377	0.12377	0.12377	
1325	0.22088	0.13175	0.13175	0.13175	
1326	0.22104	0.14262	0.14262	0.14262	
1327	0.22121	0.15531	0.15531	0.15531	
1328	0.22138	0.16848	0.16848	0.16848	
1329	0.22154	0.18071	0.18071	0.18071	
1330	0.22171	0.19074	0.19074	0.19074	
1331	0.22188	0.19762	0.19762	0.19762	
1332	0.22204	0.20085	0.20085	0.20085	
1333	0.22221	0.20044	0.20044	0.20044	
1334	0.22238	0.19694	0.19694	0.19694	
1335	0.22254	0.19131	0.19131	0.19131	
1336	0.22271	0.18479	0.18479	0.18479	
1337	0.22288	0.17871	0.17871	0.17871	
1338	0.22304	0.17432	0.17432	0.17432	
1339	0.22321	0.1726	0.1726	0.1726	
1340	0.22338	0.17412	0.17412	0.17412	
1341	0.22354	0.17899	0.17899	0.17899	
1342	0.22371	0.18684	0.18684	0.18684	
1343	0.22388	0.19693	0.19693	0.19693	
1344	0.22404	0.2082	0.2082	0.2082	
1345	0.22421	0.2195	0.2195	0.2195	
1346	0.22438	0.2297	0.2297	0.2297	
1347	0.22454	0.2379	0.2379	0.2379	
1348	0.22471	0.24347	0.24347	0.24347	
1349	0.22488	0.2462	0.2462	0.2462	
1350	0.22504	0.24624	0.24624	0.24624	
1351	0.22521	0.2441	0.2441	0.2441	
1352	0.22538	0.24054	0.24054	0.24054	
1353	0.22555	0.23647	0.23647	0.23647	
1354	0.22571	0.23277	0.23277	0.23277	
1355	0.22588	0.23024	0.23024	0.23024	
1356	0.22605	0.22946	0.22946	0.22946	
1357	0.22621	0.23074	0.23074	0.23074	
1358	0.22638	0.23412	0.23412	0.23412	
1359	0.22655	0.23935	0.23935	0.23935	
1360	0.22671	0.246	0.246	0.246	
1361	0.22688	0.2535	0.2535	0.2535	
1362	0.22705	0.26122	0.26122	0.26122	
1363	0.22721	0.26858	0.26858	0.26858	
1364	0.22738	0.27508	0.27508	0.27508	
1365	0.22755	0.28037	0.28037	0.28037	
1366	0.22771	0.28426	0.28426	0.28426	
1367	0.22788	0.28671	0.28671	0.28671	
1368	0.22805	0.28783	0.28783	0.28783	
1369	0.22821	0.28784	0.28784	0.28784	
1370	0.22838	0.28704	0.28704	0.28704	
1371	0.22855	0.28576	0.28576	0.28576	
1372	0.22871	0.28438	0.28438	0.28438	
1373	0.22888	0.28323	0.28323	0.28323	
1374	0.22905	0.28262	0.28262	0.28262	
1375	0.22921	0.28284	0.28284	0.28284	
1376	0.22938	0.28408	0.28408	0.28408	
1377	0.22955	0.28647	0.28647	0.28647	
1378	0.22971	0.29004	0.29004	0.29004	
1379	0.22988	0.29472	0.29472	0.29472	
1380	0.23005	0.30032	0.30032	0.30032	
1381	0.23021	0.30654	0.30654	0.30654	
1382	0.23038	0.31299	0.31299	0.31299	
1383	0.23055	0.3192	0.3192	0.3192	
1384	0.23071	0.3247	0.3247	0.3247	
1385	0.23088	0.32904	0.32904	0.32904	
1386	0.23105	0.33188	0.33188	0.33188	
1387	0.23121	0.33303	0.33303	0.33303	
1388	0.23138	0.3325	0.3325	0.3325	
1389	0.23155	0.33053	0.33053	0.33053	
1390	0.23171	0.32753	0.32753	0.32753	
1391	0.23188	0.32412	0.32412	0.32412	
1392	0.23205	0.32099	0.32099	0.32099	
1393	0.23221	0.31885	0.31885	0.31885	
1394	0.23238	0.3183	0.3183	0.3183	
1395	0.23255	0.31977	0.31977	0.31977	
1396	0.23271	0.32342	0.32342	0.32342	
1397	0.23288	0.32909	0.32909	0.32909	
1398	0.23305	0.33635	0.33635	0.33635	
1399	0.23321	0.34449	0.34449	0.34449	
1400	0.23338	0.35266	0.35266	0.35266	
1401	0.23355	0.35994	0.35994	0.35994	
1402	0.23371	0.36552	0.36552	0.36552	
1403	0.23388	0.36879	0.36879	0.36879	
1404	0.23405	0.36947	0.36947	0.36947	
1405	0.23421	0.36763	0.36763	0.36763	
1406	0.23438	0.36371	0.36371	0.36371	
1407	0.23455	0.35847	0.35847	0.35847	
1408	0.23471	0.35289	0.35289	0.35289	
1409	0.23488	0.34801	0.34801	0.34801	
1410	0.23505	0.34478	0.34478	0.34478	
1411	0.23521	0.34393	0.34393	0.34393	
1412	0.23538	0.34584	0.34584	0.34584	
1413	0.23555	0.35047	0.35047	0.35047	
1414	0.23571	0.35738	0.35738	0.35738	
1415	0.23588	0.36578	0.36578	0.36578	
1416	0.23605	0.37462	0.37462	0.37462	
1417	0.23621	0.38278	0.38278	0.38278	
1418	0.23638	0.38924	0.38924	0.38924	
1419	0.23655	0.39321	0.39321	0.39321	
1420	0.23671	0.39428	0.39428	0.39428	
1421	0.23688	0.39248	0.39248	0.39248	
1422	0.23705	0.38825	0.38825	0.38825	
1423	0.23721	0.38244	0.38244	0.38244	
1424	0.23738	0.37611	0.37611	0.37611	
1425	0.23755	0.3704	0.3704	0.3704	
1426	0.23771	0.36637	0.36637	0.36637	
1427	0.23788	0.36479	0.36479	0.36479	
1428	0.23805	0.36605	0.36605	0.36605	
1429	0.23821	0.37011	0.37011	0.37011	
1430	0.23838	0.37646	0.37646	0.37646	
1431	0.23855	0.38425	0.38425	0.38425	
1432	0.23871	0.3924	0.3924	0.3924	
1433	0.23888	0.39977	0.39977	0.39977	
1434	0.23905	0.40534	0.40534	0.40534	
1435	0.23921	0.40839	0.40839	0.40839	
1436	0.23938	0.40858	0.40858	0.40858	
1437	0.23955	0.40605	0.40605	0.40605	
1438	0.23971	0.40134	0.40134	0.40134	
1439	0.23988	0.39533	0.39533	0.39533	
1440	0.24005	0.38912	0.38912	0.38912	
1441	0.24021	0.38381	0.38381	0.38381	
1442	0.24038	0.38035	0.38035	0.38035	
1443	0.24055	0.37937	0.37937	0.37937	
1444	0.24071	0.38111	0.38111	0.38111	
1445	0.24088	0.38535	0.38535	0.38535	
1446	0.24105	0.39148	0.39148	0.39148	
1447	0.24121	0.39855	0.39855	0.39855	
1448	0.24138	0.40551	0.40551	0.40551	
1449	0.24155	0.41127	0.41127	0.41127	
1450	0.24171	0.415	0.415	0.415	
1451	0.24188	0.41615	0.41615	0.41615	
1452	0.24205	0.41461	0.41461	0.41461	
1453	0.24222	0.4107	0.4107	0.4107	
1454	0.24238	0.40513	0.40513	0.40513	
1455	0.24255	0.39886	0.39886	0.39886	
1456	0.24272	0.39295	0.39295	0.39295	
1457	0.24288	0.38841	0.38841	0.38841	
1458	0.24305	0.38599	0.38599	0.38599	
1459	0.24322	0.38611	0.38611	0.38611	
1460	0.24338	0.38875	0.38875	0.38875	
1461	0.24355	0.3935	0.3935	0.3935	
1462	0.24372	0.39957	0.39957	0.39957	
1463	0.24388	0.40597	0.40597	0.40597	
1464	0.24405	0.41167	0.41167	0.41167	
1465	0.24422	0.41572	0.41572	0.41572	
1466	0.24438	0.41748	0.41748	0.41748	
1467	0.24455	0.41666	0.41666	0.41666	
1468	0.24472	0.41337	0.41337	0.41337	
1469	0.24488	0.40815	0.40815	0.40815	
1470	0.24505	0.40183	0.40183	0.40183	
1471	0.24522	0.39539	0.39539	0.39539	
1472	0.24538	0.38985	0.38985	0.38985	
1473	0.24555	0.38605	0.38605	0.38605	
1474	0.24572	0.38454	0.38454	0.38454	
1475	0.24588	0.38549	0.38549	0.38549	
1476	0.24605	0.38866	0.38866	0.38866	
1477	0.24622	0.39346	0.39346	0.39346	
1478	0.24638	0.39903	0.39903	0.39903	
1479	0.24655	0.4044	0.4044	0.4044	
1480	0.24672	0.40862	0.40862	0.40862	
1481	0.24688	0.41096	0.41096	0.41096	
1482	0.24705	0.41098	0.41098	0.41098	
1483	0.24722	0.40863	0.40863	0.40863	
1484	0.24738	0.40423	0.40423	0.40423	
1485	0.24755	0.39844	0.39844	0.39844	
1486	0.24772	0.3921	0.3921	0.3921	
1487	0.24788	0.38615	0.38615	0.38615	
1488	0.24805	0.38142	0.38142	0.38142	
1489	0.24822	0.37853	0.37853	0.37853	
1490	0.24838	0.37778	0.37778	0.37778	
1491	0.24855	0.37909	0.37909	0.37909	
1492	0.24872	0.38207	0.38207	0.38207	
1493	0.24888	0.38605	0.38605	0.38605	
1494	0.24905	0.39019	0.39019	0.39019	
1495	0.24922	0.39367	0.39367	0.39367	
1496	0.24938	0.39577	0.39577	0.39577	
1497	0.24955	0.39603	0.39603	0.39603	
1498	0.24972	0.3943	0.3943	0.3943	
1499	0.24988	0.39078	0.39078	0.39078	
1500	0.25005	0.38593	0.38593	0.38593	
1501	0.25022	0.38045	0.38045	0.38045	
1502	0.25038	0.37511	0.37511	0.37511	
1503	0.25055	0.37061	0.37061	0.37061	
1504	0.25072	0.36751	0.36751	0.36751	
1505	0.25088	0.36609	0.36609	0.36609	
1506	0.25105	0.36633	0.36633	0.36633	
1507	0.25122	0.36791	0.36791	0.36791	
1508	0.25138	0.37029	0.37029	0.37029	
1509	0.25155	0.37277	0.37277	0.37277	
1510	0.25172	0.37465	0.37465	0.37465	
1511	0.25188	0.37537	0.37537	0.37537	
1512	0.25205	0.37454	0.37454	0.37454	
1513	0.25222	0.3721	0.3721	0.3721	
1514	0.25238	0.36824	0.36824	0.36824	
1515	0.25255	0.36342	0.36342	0.36342	
1516	0.25272	0.35828	0.35828	0.35828	
1517	0.25288	0.35351	0.35351	0.35351	
1518	0.25305	0.34971	0.34971	0.34971	
1519	0.25322	0.34734	0.34734	0.34734	
1520	0.25338	0.34656	0.34656	0.34656	
1521	0.25355	0.34725	0.34725	0.34725	
1522	0.25372	0.34901	0.34901	0.34901	
1523	0.25388	0.35123	0.35123	0.35123	
1524	0.25405	0.35319	0.35319	0.35319	
1525	0.25422	0.35421	0.35421	0.35421	
1526	0.25438	0.35372	0.35372	0.35372	
1527	0.25455	0.35144	0.35144	0.35144	
1528	0.25472	0.34737	0.34737	0.34737	
1529	0.25488	0.34183	0.34183	0.34183	
1530	0.25505	0.33542	0.33542	0.33542	
1531	0.25522	0.3289	0.3289	0.3289	
1532	0.25538	0.32308	0.32308	0.32308	
1533	0.25555	0.31866	0.31866	0.31866	
1534	0.25572	0.31614	0.31614	0.31614	
1535	0.25588	0.3157	0.3157	0.3157	
1536	0.25605	0.31718	0.31718	0.31718	
1537	0.25622	0.32006	0.32006	0.32006	
1538	0.25638	0.32359	0.32359	0.32359	
1539	0.25655	0.32686	0.32686	0.32686	
1540	0.25672	0.32899	0.32899	0.32899	
1541	0.25688	0.32923	0.32923	0.32923	
1542	0.25705	0.32713	0.32713	0.32713	
1543	0.25722	0.32259	0.32259	0.32259	
1544	0.25738	0.31592	0.31592	0.31592	
1545	0.25755	0.30775	0.30775	0.30775	
1546	0.25772	0.29898	0.29898	0.29898	
1547	0.25788	0.29063	0.29063	0.29063	
1548	0.25805	0.28366	0.28366	0.28366	
1549	0.25822	0.27884	0.27884	0.27884	
1550	0.25838	0.27661	0.27661	0.27661	
1551	0.25855	0.277	0.277	0.277	
1552	0.25872	0.27965	0.27965	0.27965	
1553	0.25889	0.28381	0.28381	0.28381	
1554	0.25905	0.28852	0.28852	0.28852	
1555	0.25922	0.29267	0.29267	0.29267	
1556	0.25939	0.29528	0.29528	0.29528	
1557	0.25955	0.29554	0.29554	0.29554	
1558	0.25972	0.29303	0.29303	0.29303	
1559	0.25989	0.28773	0.28773	0.28773	
1560	0.26005	0.28003	0.28003	0.28003	
1561	0.26022	0.27071	0.27071	0.27071	
1562	0.26039	0.26077	0.26077	0.26077	
1563	0.26055	0.2513	0.2513	0.2513	
1564	0.26072	0.24332	0.24332	0.24332	
1565	0.26089	0.23761	0.23761	0.23761	
1566	0.26105	0.23461	0.23461	0.23461	
1567	0.26122	0.23433	0.23433	0.23433	
1568	0.26139	0.2364	0.2364	0.2364	
1569	0.26155	0.24007	0.24007	0.24007	
1570	0.26172	0.2444	0.2444	0.2444	
1571	0.26189	0.24833	0.24833	0.24833	
1572	0.26205	0.25091	0.25091	0.25091	
1573	0.26222	0.25139	0.25139	0.25139	
1574	0.26239	0.24935	0.24935	0.24935	
1575	0.26255	0.24475	0.24475	0.24475	
1576	0.26272	0.23793	0.23793	0.23793	
1577	0.26289	0.22953	0.22953	0.22953	
1578	0.26305	0.22039	0.22039	0.22039	
1579	0.26322	0.21144	0.21144	0.21144	
1580	0.26339	0.20352	0.20352	0.20352	
1581	0.26355	0.1973	0.1973	0.1973	
1582	0.26372	0.19316	0.19316	0.19316	
1583	0.26389	0.19115	0.19115	0.19115	
1584	0.26405	0.19102	0.19102	0.19102	
1585	0.26422	0.19226	0.19226	0.19226	
1586	0.26439	0.19418	0.19418	0.19418	
1587	0.26455	0.19607	0.19607	0.19607	
1588	0.26472	0.19725	0.19725	0.19725	
1589	0.26489	0.19719	0.19719	0.19719	
1590	0.26505	0.19559	0.19559	0.19559	
1591	0.26522	0.1924	0.1924	0.1924	
1592	0.26539	0.18778	0.18778	0.18778	
1593	0.26555	0.18209	0.18209	0.18209	
1594	0.26572	0.17578	0.17578	0.17578	
1595	0.26589	0.16936	0.16936	0.16936	
1596	0.26605	0.16325	0.16325	0.16325	
1597	0.26622	0.15779	0.15779	0.15779	
1598	0.26639	0.15316	0.15316	0.15316	
1599	0.26655	0.1494	0.1494	0.1494	
1600	0.26672	0.1464	0.1464	0.1464	
1601	0.26689	0.14398	0.14398	0.14398	
1602	0.26705	0.14192	0.14192	0.14192	
1603	0.26722	0.14001	0.14001	0.14001	
1604	0.26739	0.13809	0.13809	0.13809	
1605	0.26755	0.13607	0.13607	0.13607	
1606	0.26772	0.13393	0.13393	0.13393	
1607	0.26789	0.13171	0.13171	0.13171	
1608	0.26805	0.12945	0.12945	0.12945	
1609	0.26822	0.12718	0.12718	0.12718	
1610	0.26839	0.12489	0.12489	0.12489	
1611	0.26855	0.12248	0.12248	0.12248	
1612	0.26872	0.11982	0.11982	0.11982	
1613	0.26889	0.11672	0.11672	0.11672	
1614	0.26905	0.11299	0.11299	0.11299	
1615	0.26922	0.10851	0.10851	0.10851	
1616	0.26939	0.10323	0.10323	0.10323	
1617	0.26955	9.7255e-002	9.7255e-002	9.7255e-002	
1618	0.26972	9.0825e-002	9.0825e-002	9.0825e-002	
1619	0.26989	8.4312e-002	8.4312e-002	8.4312e-002	
1620	0.27005	7.8173e-002	7.8173e-002	7.8173e-002	
1621	0.27022	7.2884e-002	7.2884e-002	7.2884e-002	
1622	0.27039	6.8857e-002	6.8857e-002	6.8857e-002	
1623	0.27055	6.6362e-002	6.6362e-002	6.6362e-002	
1624	0.27072	6.5461e-002	6.5461e-002	6.5461e-002	
1625	0.27089	6.5969e-002	6.5969e-002	6.5969e-002	
1626	0.27105	6.746e-002	6.746e-002	6.746e-002	
1627	0.27122	6.9305e-002	6.9305e-002	6.9305e-002	
1628	0.27139	7.0758e-002	7.0758e-002	7.0758e-002	
1629	0.27155	7.106e-002	7.106e-002	7.106e-002	
1630	0.27172	6.9564e-002	6.9564e-002	6.9564e-002	
1631	0.27189	6.584e-002	6.584e-002	6.584e-002	
1632	0.27205	5.9768e-002	5.9768e-002	5.9768e-002	
1633	0.27222	5.1574e-002	5.1574e-002	5.1574e-002	
1634	0.27239	4.1821e-002	4.1821e-002	4.1821e-002	
1635	0.27255	3.1346e-002	3.1346e-002	3.1346e-002	
1636	0.27272	2.1144e-002	2.1144e-002	2.1144e-002	
1637	0.27289	1.2226e-002	1.2226e-002	1.2226e-002	
1638	0.27305	5.4666e-003	5.4666e-003	5.4666e-003	
1639	0.27322	1.4577e-003	1.4577e-003	1.4577e-003	
1640	0.27339	4.0881e-004	4.0881e-004	4.0881e-004	
1641	0.27355	2.0951e-003	2.0951e-003	2.0951e-003	
1642	0.27372	5.8733e-003	5.8733e-003	5.8733e-003	
1643	0.27389	1.0762e-002	1.0762e-002	1.0762e-002	
1644	0.27405	1.5578e-002	1.5578e-002	1.5578e-002	
1645	0.27422	1.9107e-002	1.9107e-002	1.9107e-002	
1646	0.27439	2.0287e-002	2.0287e-002	2.0287e-002	
1647	0.27455	1.8374e-002	1.8374e-002	1.8374e-002	
1648	0.27472	1.3059e-002	1.3059e-002	1.3059e-002	
1649	0.27489	4.5335e-003	4.5335e-003	4.5335e-003	
1650	0.27505	-6.5331e-003	-6.5331e-003	-6.5331e-003	
1651	0.27522	-1.908e-002	-1.908e-002	-1.908e-002	
1652	0.27539	-3.1807e-002	-3.1807e-002	-3.1807e-002	
1653	0.27556	-4.3364e-002	-4.3364e-002	-4.3364e-002	
1654	0.27572	-5.2551e-002	-5.2551e-002	-5.2551e-002	
1655	0.27589	-5.8502e-002	-5.8502e-002	-5.8502e-002	
1656	0.27606	-6.0819e-002	-6.0819e-002	-6.0819e-002	
1657	0.27622	-5.9634e-002	-5.9634e-002	-5.9634e-002	
1658	0.27639	-5.5595e-002	-5.5595e-002	-5.5595e-002	
1659	0.27656	-4.9778e-002	-4.9778e-002	-4.9778e-002	
1660	0.27672	-4.3521e-002	-4.3521e-002	-4.3521e-002	
1661	0.27689	-3.8236e-002	-3.8236e-002	-3.8236e-002	
1662	0.27706	-3.5188e-002	-3.5188e-002	-3.5188e-002	
1663	0.27722	-3.5317e-002	-3.5317e-002	-3.5317e-002	
1664	0.27739	-3.9088e-002	-3.9088e-002	-3.9088e-002	
1665	0.27756	-4.6432e-002	-4.6432e-002	-4.6432e-002	
1666	0.27772	-5.675e-002	-5.675e-002	-5.675e-002	
1667	0.27789	-6.9012e-002	-6.9012e-002	-6.9012e-002	
1668	0.27806	-8.1906e-002	-8.1906e-002	-8.1906e-002	
1669	0.27822	-9.4042e-002	-9.4042e-002	-9.4042e-002	
1670	0.27839	-0.10416	-0.10416	-0.10416	
1671	0.27856	-0.1113	-0.1113	-0.1113	
1672	0.27872	-0.11498	-0.11498	-0.11498	
1673	0.27889	-0.11522	-0.11522	-0.11522	
1674	0.27906	-0.11253	-0.11253	-0.11253	
1675	0.27922	-0.10788	-0.10788	-0.10788	
1676	0.27939	-0.10247	-0.10247	-0.10247	
1677	0.27956	-9.7611e-002	-9.7611e-002	-9.7611e-002	
1678	0.27972	-9.4473e-002	-9.4473e-002	-9.4473e-002	
1679	0.27989	-9.3955e-002	-9.3955e-002	-9.3955e-002	
1680	0.28006	-9.6532e-002	-9.6532e-002	-9.6532e-002	
1681	0.28022	-0.10221	-0.10221	-0.10221	
1682	0.28039	-0.11051	-0.11051	-0.11051	
1683	0.28056	-0.12062	-0.12062	-0.12062	
1684	0.28072	-0.13144	-0.13144	-0.13144	
1685	0.28089	-0.14184	-0.14184	-0.14184	
1686	0.28106	-0.15077	-0.15077	-0.15077	
1687	0.28122	-0.15747	-0.15747	-0.15747	
1688	0.28139	-0.16154	-0.16154	-0.16154	
1689	0.28156	-0.16298	-0.16298	-0.16298	
1690	0.28172	-0.16221	-0.16221	-0.16221	
1691	0.28189	-0.15995	-0.15995	-0.15995	
1692	0.28206	-0.15711	-0.15711	-0.15711	
1693	0.28222	-0.15464	-0.15464	-0.15464	
1694	0.28239	-0.15337	-0.15337	-0.15337	
1695	0.28256	-0.15389	-0.15389	-0.15389	
1696	0.28272	-0.15649	-0.15649	-0.15649	
1697	0.28289	-0.16108	-0.16108	-0.16108	
1698	0.28306	-0.16729	-0.16729	-0.16729	
1699	0.28322	-0.17449	-0.17449	-0.17449	
1700	0.28339	-0.18194	-0.18194	-0.18194	
1701	0.28356	-0.18893	-0.18893	-0.18893	
1702	0.28372	-0.19485	-0.19485	-0.19485	
1703	0.28389	-0.19933	-0.19933	-0.19933	
1704	0.28406	-0.20227	-0.20227	-0.20227	
1705	0.28422	-0.20383	-0.20383	-0.20383	
1706	0.28439	-0.20442	-0.20442	-0.20442	
1707	0.28456	-0.20457	-0.20457	-0.20457	
1708	0.28472	-0.20484	-0.20484	-0.20484	
1709	0.28489	-0.20574	-0.20574	-0.20574	
1710	0.28506	-0.20762	-0.20762	-0.20762	
1711	0.28522	-0.2106	-0.2106	-0.2106	
1712	0.28539	-0.21457	-0.21457	-0.21457	
1713	0.28556	-0.21924	-0.21924	-0.21924	
1714	0.28572	-0.22417	-0.22417	-0.22417	
1715	0.28589	-0.22888	-0.22888	-0.22888	
1716	0.28606	-0.23293	-0.23293	-0.23293	
1717	0.28622	-0.23604	-0.23604	-0.23604	
1718	0.28639	-0.23811	-0.23811	-0.23811	
1719	0.28656	-0.23926	-0.23926	-0.23926	
1720	0.28672	-0.23982	-0.23982	-0.23982	
1721	0.28689	-0.24023	-0.24023	-0.24023	
1722	0.28706	-0.24101	-0.24101	-0.24101	
1723	0.28722	-0.24261	-0.24261	-0.24261	
1724	0.28739	-0.24536	-0.24536	-0.24536	
1725	0.28756	-0.24936	-0.24936	-0.24936	
1726	0.28772	-0.25449	-0.25449	-0.25449	
1727	0.28789	-0.26039	-0.26039	-0.26039	
1728	0.28806	-0.26652	-0.26652	-0.26652	
1729	0.28822	-0.27226	-0.27226	-0.27226	
1730	0.28839	-0.27701	-0.27701	-0.27701	
1731	0.28856	-0.28031	-0.28031	-0.28031	
1732	0.28872	-0.28192	-0.28192	-0.28192	
1733	0.28889	-0.28186	-0.28186	-0.28186	
1734	0.28906	-0.28046	-0.28046	-0.28046	
1735	0.28922	-0.27827	-0.27827	-0.27827	
1736	0.28939	-0.27603	-0.27603	-0.27603	
1737	0.28956	-0.27451	-0.27451	-0.27451	
1738	0.28972	-0.2744	-0.2744	-0.2744	
1739	0.28989	-0.2762	-0.2762	-0.2762	
1740	0.29006	-0.2801	-0.2801	-0.2801	
1741	0.29022	-0.28598	-0.28598	-0.28598	
1742	0.29039	-0.29337	-0.29337	-0.29337	
1743	0.29056	-0.30155	-0.30155	-0.30155	
1744	0.29072	-0.30962	-0.30962	-0.30962	
1745	0.29089	-0.3167	-0.3167	-0.3167	
1746	0.29106	-0.32199	-0.32199	-0.32199	
1747	0.29122	-0.32496	-0.32496	-0.32496	
1748	0.29139	-0.32543	-0.32543	-0.32543	
1749	0.29156	-0.32359	-0.32359	-0.32359	
1750	0.29172	-0.31999	-0.31999	-0.31999	
1751	0.29189	-0.31546	-0.31546	-0.31546	
1752	0.29206	-0.31101	-0.31101	-0.31101	
1753	0.29223	-0.30763	-0.30763	-0.30763	
1754	0.29239	-0.30617	-0.30617	-0.30617	
1755	0.29256	-0.30721	-0.30721	-0.30721	
1756	0.29273	-0.31093	-0.31093	-0.31093	
1757	0.29289	-0.31712	-0.31712	-0.31712	
1758	0.29306	-0.32519	-0.32519	-0.32519	
1759	0.29323	-0.33424	-0.33424	-0.33424	
1760	0.29339	-0.34321	-0.34321	-0.34321	
1761	0.29356	-0.35105	-0.35105	-0.35105	
1762	0.29373	-0.35688	-0.35688	-0.35688	
1763	0.29389	-0.36009	-0.36009	-0.36009	
1764	0.29406	-0.36047	-0.36047	-0.36047	
1765	0.29423	-0.35824	-0.35824	-0.35824	
1766	0.29439	-0.35399	-0.35399	-0.35399	
1767	0.29456	-0.34862	-0.34862	-0.34862	
1768	0.29473	-0.34319	-0.34319	-0.34319	
1769	0.29489	-0.33876	-0.33876	-0.33876	
1770	0.29506	-0.33622	-0.33622	-0.33622	
1771	0.29523	-0.33618	-0.33618	-0.33618	
1772	0.29539	-0.33886	-0.33886	-0.33886	
1773	0.29556	-0.34409	-0.34409	-0.34409	
1774	0.29573	-0.35129	-0.35129	-0.35129	
1775	0.29589	-0.35961	-0.35961	-0.35961	
1776	0.29606	-0.36804	-0.36804	-0.36804	
1777	0.29623	-0.37557	-0.37557	-0.37557	
1778	0.29639	-0.38132	-0.38132	-0.38132	
1779	0.29656	-0.3847	-0.3847	-0.3847	
1780	0.29673	-0.38548	-0.38548	-0.38548	
1781	0.29689	-0.3838	-0.3838	-0.3838	
1782	0.29706	-0.38018	-0.38018	-0.38018	
1783	0.29723	-0.37537	-0.37537	-0.37537	
1784	0.29739	-0.37031	-0.37031	-0.37031	
1785	0.29756	-0.36592	-0.36592	-0.36592	
1786	0.29773	-0.36301	-0.36301	-0.36301	
1787	0.29789	-0.36213	-0.36213	-0.36213	
1788	0.29806	-0.36352	-0.36352	-0.36352	
1789	0.29823	-0.36707	-0.36707	-0.36707	
1790	0.29839	-0.37235	-0.37235	-0.37235	
1791	0.29856	-0.3787	-0.3787	-0.3787	
1792	0.29873	-0.38532	-0.38532	-0.38532	
1793	0.29889	-0.3914	-0.3914	-0.3914	
1794	0.29906	-0.39624	-0.39624	-0.39624	
1795	0.29923	-0.39934	-0.39934	-0.39934	
1796	0.29939	-0.40048	-0.40048	-0.40048	
1797	0.29956	-0.39973	-0.39973	-0.39973	
1798	0.29973	-0.39742	-0.39742	-0.39742	
1799	0.29989	-0.3941	-0.3941	-0.3941	
1800	0.30006	-0.3904	-0.3904	-0.3904	
1801	0.30023	-0.387	-0.387	-0.387	
1802	0.30039	-0.38447	-0.38447	-0.38447	
1803	0.30056	-0.38322	-0.38322	-0.38322	
1804	0.30073	-0.38346	-0.38346	-0.38346	
1805	0.30089	-0.38515	-0.38515	-0.38515	
1806	0.30106	-0.38805	-0.38805	-0.38805	
1807	0.30123	-0.39176	-0.39176	-0.39176	
1808	0.30139	-0.3958	-0.3958	-0.3958	
1809	0.30156	-0.39966	-0.39966	-0.39966	
1810	0.30173	-0.40291	-0.40291	-0.40291	
1811	0.30189	-0.40523	-0.40523	-0.40523	
1812	0.30206	-0.40645	-0.40645	-0.40645	
1813	0.30223	-0.40659	-0.40659	-0.40659	
1814	0.30239	-0.40578	-0.40578	-0.40578	
1815	0.30256	-0.40428	-0.40428	-0.40428	
1816	0.30273	-0.40241	-0.40241	-0.40241	
1817	0.30289	-0.40049	-0.40049	-0.40049	
1818	0.30306	-0.39881	-0.39881	-0.39881	
1819	0.30323	-0.39759	-0.39759	-0.39759	
1820	0.30339	-0.39695	-0.39695	-0.39695	
1821	0.30356	-0.39691	-0.39691	-0.39691	
1822	0.30373	-0.39742	-0.39742	-0.39742	
1823	0.30389	-0.39836	-0.39836	-0.39836	
1824	0.30406	-0.39958	-0.39958	-0.39958	
1825	0.30423	-0.40094	-0.40094	-0.40094	
1826	0.30439	-0.40229	-0.40229	-0.40229	
1827	0.30456	-0.40352	-0.40352	-0.40352	
1828	0.30473	-0.40456	-0.40456	-0.40456	
1829	0.30489	-0.40537	-0.40537	-0.40537	
1830	0.30506	-0.4059	-0.4059	-0.4059	
1831	0.30523	-0.40614	-0.40614	-0.40614	
1832	0.30539	-0.40608	-0.40608	-0.40608	
1833	0.30556	-0.4057	-0.4057	-0.4057	
1834	0.30573	-0.40499	-0.40499	-0.40499	
1835	0.30589	-0.40396	-0.40396	-0.40396	
1836	0.30606	-0.40264	-0.40264	-0.40264	
1837	0.30623	-0.4011	-0.4011	-0.4011	
1838	0.30639	-0.39946	-0.39946	-0.39946	
1839	0.30656	-0.39786	-0.39786	-0.39786	
1840	0.30673	-0.39645	-0.39645	-0.39645	
1841	0.30689	-0.39543	-0.39543	-0.39543	
1842	0.30706	-0.39491	-0.39491	-0.39491	
1843	0.30723	-0.395	-0.395	-0.395	
1844	0.30739	-0.3957	-0.3957	-0.3957	
1845	0.30756	-0.39692	-0.39692	-0.39692	
1846	0.30773	-0.39848	-0.39848	-0.39848	
1847	0.30789	-0.40012	-0.40012	-0.40012	
1848	0.30806	-0.40154	-0.40154	-0.40154	
1849	0.30823	-0.40243	-0.40243	-0.40243	
1850	0.30839	-0.40252	-0.40252	-0.40252	
1851	0.30856	-0.40166	-0.40166	-0.40166	
1852	0.30873	-0.3998	-0.3998	-0.3998	
1853	0.3089	-0.39704	-0.39704	-0.39704	
1854	0.30906	-0.39362	-0.39362	-0.39362	
1855	0.30923	-0.38991	-0.38991	-0.38991	
1856	0.3094	-0.38633	-0.38633	-0.38633	
1857	0.30956	-0.38331	-0.38331	-0.38331	
1858	0.30973	-0.38119	-0.38119	-0.38119	
1859	0.3099	-0.38023	-0.38023	-0.38023	
1860	0.31006	-0.38049	-0.38049	-0.38049	
1861	0.31023	-0.38185	-0.38185	-0.38185	
1862	0.3104	-0.38401	-0.38401	-0.38401	
1863	0.31056	-0.38654	-0.38654	-0.38654	
1864	0.31073	-0.38891	-0.38891	-0.38891	
1865	0.3109	-0.39062	-0.39062	-0.39062	
1866	0.31106	-0.39121	-0.39121	-0.39121	
1867	0.31123	-0.3904	-0.3904	-0.3904	
1868	0.3114	-0.3881	-0.3881	-0.3881	
1869	0.31156	-0.38444	-0.38444	-0.38444	
1870	0.31173	-0.37977	-0.37977	-0.37977	
1871	0.3119	-0.37458	-0.37458	-0.37458	
1872	0.31206	-0.36947	-0.36947	-0.36947	
1873	0.31223	-0.36501	-0.36501	-0.36501	
1874	0.3124	-0.3617	-0.3617	-0.3617	
1875	0.31256	-0.35986	-0.35986	-0.35986	
1876	0.31273	-0.35959	-0.35959	-0.35959	
1877	0.3129	-0.36076	-0.36076	-0.36076	
1878	0.31306	-0.36298	-0.36298	-0.36298	
1879	0.31323	-0.36572	-0.36572	-0.36572	
1880	0.3134	-0.36835	-0.36835	-0.36835	
1881	0.31356	-0.37025	-0.37025	-0.37025	
1882	0.31373	-0.37091	-0.37091	-0.37091	
1883	0.3139	-0.36997	-0.36997	-0.36997	
1884	0.31406	-0.36736	-0.36736	-0.36736	
1885	0.31423	-0.36321	-0.36321	-0.36321	
1886	0.3144	-0.35792	-0.35792	-0.35792	
1887	0.31456	-0.35205	-0.35205	-0.35205	
1888	0.31473	-0.34622	-0.34622	-0.34622	
1889	0.3149	-0.34108	-0.34108	-0.34108	
1890	0.31506	-0.33712	-0.33712	-0.33712	
1891	0.31523	-0.33469	-0.33469	-0.33469	
1892	0.3154	-0.33386	-0.33386	-0.33386	
1893	0.31556	-0.33446	-0.33446	-0.33446	
1894	0.31573	-0.33612	-0.33612	-0.33612	
1895	0.3159	-0.33828	-0.33828	-0.33828	
1896	0.31606	-0.34032	-0.34032	-0.34032	
1897	0.31623	-0.34164	-0.34164	-0.34164	
1898	0.3164	-0.34177	-0.34177	-0.34177	
1899	0.31656	-0.34042	-0.34042	-0.34042	
1900	0.31673	-0.33752	-0.33752	-0.33752	
1901	0.3169	-0.33327	-0.33327	-0.33327	
1902	0.31706	-0.32804	-0.32804	-0.32804	
1903	0.31723	-0.32234	-0.32234	-0.32234	
1904	0.3174	-0.31677	-0.31677	-0.31677	
1905	0.31756	-0.31184	-0.31184	-0.31184	
1906	0.31773	-0.30798	-0.30798	-0.30798	
1907	0.3179	-0.3054	-0.3054	-0.3054	
1908	0.31806	-0.30412	-0.30412	-0.30412	
1909	0.31823	-0.30393	-0.30393	-0.30393	
1910	0.3184	-0.30448	-0.30448	-0.30448	
1911	0.31856	-0.30529	-0.30529	-0.30529	
1912	0.31873	-0.30584	-0.30584	-0.30584	
1913	0.3189	-0.30572	-0.30572	-0.30572	
1914	0.31906	-0.3046	-0.3046	-0.3046	
1915	0.31923	-0.30234	-0.30234	-0.30234	
1916	0.3194	-0.29901	-0.29901	-0.29901	
1917	0.31956	-0.29482	-0.29482	-0.29482	
1918	0.31973	-0.29014	-0.29014	-0.29014	
1919	0.3199	-0.28538	-0.28538	-0.28538	
1920	0.32006	-0.28095	-0.28095	-0.28095	
1921	0.32023	-0.27717	-0.27717	-0.27717	
1922	0.3204	-0.27423	-0.27423	-0.27423	
1923	0.32056	-0.27215	-0.27215	-0.27215	
1924	0.32073	-0.27079	-0.27079	-0.27079	
1925	0.3209	-0.26988	-0.26988	-0.26988	
1926	0.32106	-0.26908	-0.26908	-0.26908	
1927	0.32123	-0.26803	-0.26803	-0.26803	
1928	0.3214	-0.26643	-0.26643	-0.26643	
1929	0.32156	-0.2641	-0.2641	-0.2641	
1930	0.32173	-0.261	-0.261	-0.261	
1931	0.3219	-0.25724	-0.25724	-0.25724	
1932	0.32206	-0.25307	-0.25307	-0.25307	
1933	0.32223	-0.2488	-0.2488	-0.2488	
1934	0.3224	-0.24479	-0.24479	-0.24479	
1935	0.32256	-0.24133	-0.24133	-0.24133	
1936	0.32273	-0.2386	-0.2386	-0.2386	
1937	0.3229	-0.23665	-0.23665	-0.23665	
1938	0.32306	-0.23535	-0.23535	-0.23535	
1939	0.32323	-0.23445	-0.23445	-0.23445	
1940	0.3234	-0.23358	-0.23358	-0.23358	
1941	0.32356	-0.23235	-0.23235	-0.23235	
1942	0.32373	-0.2304	-0.2304	-0.2304	
1943	0.3239	-0.22749	-0.22749	-0.22749	
1944	0.32406	-0.22354	-0.22354	-0.22354	
1945	0.32423	-0.21866	-0.21866	-0.21866	
1946	0.3244	-0.21313	-0.21313	-0.21313	
1947	0.32456	-0.20737	-0.20737	-0.20737	
1948	0.32473	-0.20187	-0.20187	-0.20187	
1949	0.3249	-0.19711	-0.19711	-0.19711	
1950	0.32506	-0.19346	-0.19346	-0.19346	
1951	0.32523	-0.19112	-0.19112	-0.19112	
1952	0.3254	-0.19008	-0.19008	-0.19008	
1953	0.32557	-0.19011	-0.19011	-0.19011	
1954	0.32573	-0.19076	-0.19076	-0.19076	
1955	0.3259	-0.19147	-0.19147	-0.19147	
1956	0.32607	-0.19161	-0.19161	-0.19161	
1957	0.32623	-0.19063	-0.19063	-0.19063	
1958	0.3264	-0.18811	-0.18811	-0.18811	
1959	0.32657	-0.18388	-0.18388	-0.18388	
1960	0.32673	-0.17801	-0.17801	-0.17801	
1961	0.3269	-0.17087	-0.17087	-0.17087	
1962	0.32707	-0.16302	-0.16302	-0.16302	
1963	0.32723	-0.15518	-0.15518	-0.15518	
1964	0.3274	-0.14808	-0.14808	-0.14808	
1965	0.32757	-0.14238	-0.14238	-0.14238	
1966	0.32773	-0.13853	-0.13853	-0.13853	
1967	0.3279	-0.1367	-0.1367	-0.1367	
1968	0.32807	-0.13676	-0.13676	-0.13676	
1969	0.32823	-0.13827	-0.13827	-0.13827	
1970	0.3284	-0.14054	-0.14054	-0.14054	
1971	0.32857	-0.14276	-0.14276	-0.14276	
1972	0.32873	-0.14408	-0.14408	-0.14408	
1973	0.3289	-0.14378	-0.14378	-0.14378	
1974	0.32907	-0.14137	-0.14137	-0.14137	
1975	0.32923	-0.13665	-0.13665	-0.13665	
1976	0.3294	-0.12979	-0.12979	-0.12979	
1977	0.32957	-0.12129	-0.12129	-0.12129	
1978	0.32973	-0.11189	-0.11189	-0.11189	
1979	0.3299	-0.1025	-0.1025	-0.1025	
1980	0.33007	-9.4038e-002	-9.4038e-002	-9.4038e-002	
1981	0.33023	-8.7281e-002	-8.7281e-002	-8.7281e-002	
1982	0.3304	-8.2771e-002	-8.2771e-002	-8.2771e-002	
1983	0.33057	-8.0708e-002	-8.0708e-002	-8.0708e-002	
1984	0.33073	-8.0928e-002	-8.0928e-002	-8.0928e-002	
1985	0.3309	-8.2915e-002	-8.2915e-002	-8.2915e-002	
1986	0.33107	-8.5885e-002	-8.5885e-002	-8.5885e-002	
1987	0.33123	-8.8899e-002	-8.8899e-002	-8.8899e-002	
1988	0.3314	-9.1006e-002	-9.1006e-002	-9.1006e-002	
1989	0.33157	-9.1386e-002	-9.1386e-002	-9.1386e-002	
1990	0.33173	-8.9477e-002	-8.9477e-002	-8.9477e-002	
1991	0.3319	-8.5058e-002	-8.5058e-002	-8.5058e-002	
1992	0.33207	-7.8282e-002	-7.8282e-002	-7.8282e-002	
1993	0.33223	-6.9655e-002	-6.9655e-002	-6.9655e-002	
1994	0.3324	-5.9954e-002	-5.9954e-002	-5.9954e-002	
1995	0.33257	-5.0113e-002	-5.0113e-002	-5.0113e-002	
1996	0.33273	-4.108e-002	-4.108e-002	-4.108e-002	
1997	0.3329	-3.3674e-002	-3.3674e-002	-3.3674e-002	
1998	0.33307	-2.8464e-002	-2.8464e-002	-2.8464e-002	
1999	0.33323	-2.5685e-002	-2.5685e-002	-2.5685e-002	
2000	0.3334	-2.5208e-002	-2.5208e-002	-2.5208e-002	
2001	0.33357	-2.6564e-002	-2.6564e-002	-2.6564e-002	
2002	0.33373	-2.9019e-002	-2.9019e-002	-2.9019e-002	
2003	0.3339	-3.1688e-002	-3.1688e-002	-3.1688e-002	
2004	0.33407	-3.367e-002	-3.367e-002	-3.367e-002	
2005	0.33423	-3.4187e-002	-3.4187e-002	-3.4187e-002	
2006	0.3344	-3.269e-002	-3.269e-002	-3.269e-002	
2007	0.33457	-2.8944e-002	-2.8944e-002	-2.8944e-002	
2008	0.33473	-2.3052e-002	-2.3052e-002	-2.3052e-002	
2009	0.3349	-1.543e-002	-1.543e-002	-1.543e-002	
2010	0.33507	-6.7393e-003	-6.7393e-003	-6.7393e-003	
2011	0.33523	2.2218e-003	2.2218e-003	2.2218e-003	
2012	0.3354	1.0641e-002	1.0641e-002	1.0641e-002	
2013	0.33557	1.7814e-002	1.7814e-002	1.7814e-002	
2014	0.33573	2.3246e-002	2.3246e-002	2.3246e-002	
2015	0.3359	2.6718e-002	2.6718e-002	2.6718e-002	
2016	0.33607	2.831e-002	2.831e-002	2.831e-002	
2017	0.33623	2.8377e-002	2.8377e-002	2.8377e-002	
2018	0.3364	2.7483e-002	2.7483e-002	2.7483e-002	
2019	0.33657	2.6308e-002	2.6308e-002	2.6308e-002	
2020	0.33673	2.554e-002	2.554e-002	2.554e-002	
2021	0.3369	2.5771e-002	2.5771e-002	2.5771e-002	
2022	0.33707	2.7411e-002	2.7411e-002	2.7411e-002	
2023	0.33723	3.0639e-002	3.0639e-002	3.0639e-002	
2024	0.3374	3.5385e-002	3.5385e-002	3.5385e-002	
2025	0.33757	4.1356e-002	4.1356e-002	4.1356e-002	
2026	0.33773	4.8097e-002	4.8097e-002	4.8097e-002	
2027	0.3379	5.5064e-002	5.5064e-002	5.5064e-002	
2028	0.33807	6.1722e-002	6.1722e-002	6.1722e-002	
2029	0.33823	6.762e-002	6.762e-002	6.762e-002	
2030	0.3384	7.2457e-002	7.2457e-002	7.2457e-002	
2031	0.33857	7.6119e-002	7.6119e-002	7.6119e-002	
2032	0.33873	7.8679e-002	7.8679e-002	7.8679e-002	
2033	0.3389	8.0372e-002	8.0372e-002	8.0372e-002	
2034	0.33907	8.1546e-002	8.1546e-002	8.1546e-002	
2035	0.33923	8.259e-002	8.259e-002	8.259e-002	
2036	0.3394	8.3874e-002	8.3874e-002	8.3874e-002	
2037	0.33957	8.5683e-002	8.5683e-002	8.5683e-002	
2038	0.33973	8.8187e-002	8.8187e-002	8.8187e-002	
2039	0.3399	9.1414e-002	9.1414e-002	9.1414e-002	
2040	0.34007	9.527e-002	9.527e-002	9.527e-002	
2041	0.34023	9.9562e-002	9.9562e-002	9.9562e-002	
2042	0.3404	0.10405	0.10405	0.10405	
2043	0.34057	0.10849	0.10849	0.10849	
2044	0.34073	0.11269	0.11269	0.11269	
2045	0.3409	0.11653	0.11653	0.11653	
2046	0.34107	0.11999	0.11999	0.11999	
2047	0.34123	0.12314	0.12314	0.12314	
2048	0.3414	0.12612	0.12612	0.12612	
2049	0.34157	0.12907	0.12907	0.12907	
2050	0.34173	0.13217	0.13217	0.13217	
2051	0.3419	0.13549	0.13549	0.13549	
2052	0.34207	0.13908	0.13908	0.13908	
2053	0.34224	0.14286	0.14286	0.14286	
2054	0.3424	0.14672	0.14672	0.14672	
2055	0.34257	0.15047	0.15047	0.15047	
2056	0.34274	0.15394	0.15394	0.15394	
2057	0.3429	0.15698	0.15698	0.15698	
2058	0.34307	0.15951	0.15951	0.15951	
2059	0.34324	0.16157	0.16157	0.16157	
2060	0.3434	0.16327	0.16327	0.16327	
2061	0.34357	0.16483	0.16483	0.16483	
2062	0.34374	0.16654	0.16654	0.16654	
2063	0.3439	0.16866	0.16866	0.16866	
2064	0.34407	0.17143	0.17143	0.17143	
2065	0.34424	0.175	0.175	0.175	
2066	0.3444	0.17938	0.17938	0.17938	
2067	0.34457	0.18444	0.18444	0.18444	
2068	0.34474	0.18992	0.18992	0.18992	
2069	0.3449	0.19546	0.19546	0.19546	
2070	0.34507	0.20066	0.20066	0.20066	
2071	0.34524	0.20515	0.20515	0.20515	
2072	0.3454	0.20863	0.20863	0.20863	
2073	0.34557	0.21096	0.21096	0.21096	
2074	0.34574	0.21216	0.21216	0.21216	
2075	0.3459	0.21246	0.21246	0.21246	
2076	0.34607	0.21221	0.21221	0.21221	
2077	0.34624	0.21189	0.21189	0.21189	
2078	0.3464	0.212	0.212	0.212	
2079	0.34657	0.213	0.213	0.213	
2080	0.34674	0.21522	0.21522	0.21522	
2081	0.3469	0.2188	0.2188	0.2188	
2082	0.34707	0.2237	0.2237	0.2237	
2083	0.34724	0.22963	0.22963	0.22963	
2084	0.3474	0.23616	0.23616	0.23616	
2085	0.34757	0.24271	0.24271	0.24271	
2086	0.34774	0.24873	0.24873	0.24873	
2087	0.3479	0.25368	0.25368	0.25368	
2088	0.34807	0.25722	0.25722	0.25722	
2089	0.34824	0.25919	0.25919	0.25919	
2090	0.3484	0.25968	0.25968	0.25968	
2091	0.34857	0.259	0.259	0.259	
2092	0.34874	0.25764	0.25764	0.25764	
2093	0.3489	0.25622	0.25622	0.25622	
2094	0.34907	0.25535	0.25535	0.25535	
2095	0.34924	0.25558	0.25558	0.25558	
2096	0.3494	0.25727	0.25727	0.25727	
2097	0.34957	0.26057	0.26057	0.26057	
2098	0.34974	0.26538	0.26538	0.26538	
2099	0.3499	0.27135	0.27135	0.27135	
2100	0.35007	0.27795	0.27795	0.27795	
2101	0.35024	0.28456	0.28456	0.28456	
2102	0.3504	0.29054	0.29054	0.29054	
2103	0.35057	0.29536	0.29536	0.29536	
2104	0.35074	0.29865	0.29865	0.29865	
2105	0.3509	0.3003	0.3003	0.3003	
2106	0.35107	0.30043	0.30043	0.30043	
2107	0.35124	0.29939	0.29939	0.29939	
2108	0.3514	0.29773	0.29773	0.29773	
2109	0.35157	0.29606	0.29606	0.29606	
2110	0.35174	0.295	0.295	0.295	
2111	0.3519	0.29506	0.29506	0.29506	
2112	0.35207	0.29655	0.29655	0.29655	
2113	0.35224	0.29958	0.29958	0.29958	
2114	0.3524	0.30398	0.30398	0.30398	
2115	0.35257	0.30939	0.30939	0.30939	
2116	0.35274	0.31529	0.31529	0.31529	
2117	0.3529	0.32107	0.32107	0.32107	
2118	0.35307	0.32617	0.32617	0.32617	
2119	0.35324	0.33014	0.33014	0.33014	
2120	0.3534	0.3327	0.3327	0.3327	
2121	0.35357	0.33382	0.33382	0.33382	
2122	0.35374	0.33368	0.33368	0.33368	
2123	0.3539	0.33265	0.33265	0.33265	
2124	0.35407	0.33124	0.33124	0.33124	
2125	0.35424	0.32999	0.32999	0.32999	
2126	0.3544	0.32941	0.32941	0.32941	
2127	0.35457	0.32988	0.32988	0.32988	
2128	0.35474	0.33158	0.33158	0.33158	
2129	0.3549	0.3345	0.3345	0.3345	
2130	0.35507	0.33842	0.33842	0.33842	
2131	0.35524	0.34296	0.34296	0.34296	
2132	0.3554	0.34765	0.34765	0.34765	
2133	0.35557	0.352	0.352	0.352	
2134	0.35574	0.35559	0.35559	0.35559	
2135	0.3559	0.35813	0.35813	0.35813	
2136	0.35607	0.35953	0.35953	0.35953	
2137	0.35624	0.35986	0.35986	0.35986	
2138	0.3564	0.3594	0.3594	0.3594	
2139	0.35657	0.35851	0.35851	0.35851	
2140	0.35674	0.35763	0.35763	0.35763	
2141	0.3569	0.3572	0.3572	0.3572	
2142	0.35707	0.35751	0.35751	0.35751	
2143	0.35724	0.35876	0.35876	0.35876	
2144	0.3574	0.36096	0.36096	0.36096	
2145	0.35757	0.36393	0.36393	0.36393	
2146	0.35774	0.36737	0.36737	0.36737	
2147	0.3579	0.37091	0.37091	0.37091	
2148	0.35807	0.37414	0.37414	0.37414	
2149	0.35824	0.37673	0.37673	0.37673	
2150	0.3584	0.37846	0.37846	0.37846	
2151	0.35857	0.37925	0.37925	0.37925	
2152	0.35874	0.37922	0.37922	0.37922	
2153	0.35891	0.3786	0.3786	0.3786	
2154	0.35907	0.37774	0.37774	0.37774	
2155	0.35924	0.37702	0.37702	0.37702	
2156	0.35941	0.3768	0.3768	0.3768	
2157	0.35957	0.37732	0.37732	0.37732	
2158	0.35974	0.37871	0.37871	0.37871	
2159	0.35991	0.3809	0.3809	0.3809	
2160	0.36007	0.3837	0.3837	0.3837	
2161	0.36024	0.38678	0.38678	0.38678	
2162	0.36041	0.38974	0.38974	0.38974	
2163	0.36057	0.39221	0.39221	0.39221	
2164	0.36074	0.39389	0.39389	0.39389	
2165	0.36091	0.3946	0.3946	0.3946	
2166	0.36107	0.39433	0.39433	0.39433	
2167	0.36124	0.39327	0.39327	0.39327	
2168	0.36141	0.39171	0.39171	0.39171	
2169	0.36157	0.39008	0.39008	0.39008	
2170	0.36174	0.38879	0.38879	0.38879	
2171	0.36191	0.38823	0.38823	0.38823	
2172	0.36207	0.38866	0.38866	0.38866	
2173	0.36224	0.39015	0.39015	0.39015	
2174	0.36241	0.39261	0.39261	0.39261	
2175	0.36257	0.39575	0.39575	0.39575	
2176	0.36274	0.39915	0.39915	0.39915	
2177	0.36291	0.40233	0.40233	0.40233	
2178	0.36307	0.40481	0.40481	0.40481	
2179	0.36324	0.40622	0.40622	0.40622	
2180	0.36341	0.40635	0.40635	0.40635	
2181	0.36357	0.4052	0.4052	0.4052	
2182	0.36374	0.40298	0.40298	0.40298	
2183	0.36391	0.40007	0.40007	0.40007	
2184	0.36407	0.39701	0.39701	0.39701	
2185	0.36424	0.39434	0.39434	0.39434	
2186	0.36441	0.39258	0.39258	0.39258	
2187	0.36457	0.39209	0.39209	0.39209	
2188	0.36474	0.39306	0.39306	0.39306	
2189	0.36491	0.39539	0.39539	0.39539	
2190	0.36507	0.3988	0.3988	0.3988	
2191	0.36524	0.40278	0.40278	0.40278	
2192	0.36541	0.40672	0.40672	0.40672	
2193	0.36557	0.40999	0.40999	0.40999	
2194	0.36574	0.41205	0.41205	0.41205	
2195	0.36591	0.41254	0.41254	0.41254	
2196	0.36607	0.41131	0.41131	0.41131	
2197	0.36624	0.4085	0.4085	0.4085	
2198	0.36641	0.40451	0.40451	0.40451	
2199	0.36657	0.39992	0.39992	0.39992	
2200	0.36674	0.39542	0.39542	0.39542	
2201	0.36691	0.39169	0.39169	0.39169	
2202	0.36707	0.38933	0.38933	0.38933	
2203	0.36724	0.3887	0.3887	0.3887	
2204	0.36741	0.38991	0.38991	0.38991	
2205	0.36757	0.39276	0.39276	0.39276	
2206	0.36774	0.3968	0.3968	0.3968	
2207	0.36791	0.40137	0.40137	0.40137	
2208	0.36807	0.40572	0.40572	0.40572	
2209	0.36824	0.4091	0.4091	0.4091	
2210	0.36841	0.41091	0.41091	0.41091	
2211	0.36857	0.41076	0.41076	0.41076	
2212	0.36874	0.40857	0.40857	0.40857	
2213	0.36891	0.40456	0.40456	0.40456	
2214	0.36907	0.39923	0.39923	0.39923	
2215	0.36924	0.3933	0.3933	0.3933	
2216	0.36941	0.38758	0.38758	0.38758	
2217	0.36957	0.38283	0.38283	0.38283	
2218	0.36974	0.3797	0.3797	0.3797	
2219	0.36991	0.37857	0.37857	0.37857	
2220	0.37007	0.37953	0.37953	0.37953	
2221	0.37024	0.38233	0.38233	0.38233	
2222	0.37041	0.38645	0.38645	0.38645	
2223	0.37057	0.39115	0.39115	0.39115	
2224	0.37074	0.3956	0.3956	0.3956	
2225	0.37091	0.399	0.399	0.399	
2226	0.37107	0.40069	0.40069	0.40069	
2227	0.37124	0.40029	0.40029	0.40029	
2228	0.37141	0.39771	0.39771	0.39771	
2229	0.37157	0.39317	0.39317	0.39317	
2230	0.37174	0.38722	0.38722	0.38722	
2231	0.37191	0.38058	0.38058	0.38058	
2232	0.37207	0.37409	0.37409	0.37409	
2233	0.37224	0.36854	0.36854	0.36854	
2234	0.37241	0.36459	0.36459	0.36459	
2235	0.37257	0.36265	0.36265	0.36265	
2236	0.37274	0.3628	0.3628	0.3628	
2237	0.37291	0.36484	0.36484	0.36484	
2238	0.37307	0.36826	0.36826	0.36826	
2239	0.37324	0.37235	0.37235	0.37235	
2240	0.37341	0.37633	0.37633	0.37633	
2241	0.37357	0.3794	0.3794	0.3794	
2242	0.37374	0.38095	0.38095	0.38095	
2243	0.37391	0.38056	0.38056	0.38056	
2244	0.37407	0.37811	0.37811	0.37811	
2245	0.37424	0.3738	0.3738	0.3738	
2246	0.37441	0.36808	0.36808	0.36808	
2247	0.37457	0.3616	0.3616	0.3616	
2248	0.37474	0.35508	0.35508	0.35508	
2249	0.37491	0.34926	0.34926	0.34926	
2250	0.37507	0.34474	0.34474	0.34474	
2251	0.37524	0.3419	0.3419	0.3419	
2252	0.37541	0.34088	0.34088	0.34088	
2253	0.37558	0.34152	0.34152	0.34152	
2254	0.37574	0.34345	0.34345	0.34345	
2255	0.37591	0.34609	0.34609	0.34609	
2256	0.37608	0.3488	0.3488	0.3488	
2257	0.37624	0.35093	0.35093	0.35093	
2258	0.37641	0.35194	0.35194	0.35194	
2259	0.37658	0.35149	0.35149	0.35149	
2260	0.37674	0.34943	0.34943	0.34943	
2261	0.37691	0.34587	0.34587	0.34587	
2262	0.37708	0.34112	0.34112	0.34112	
2263	0.37724	0.33564	0.33564	0.33564	
2264	0.37741	0.32998	0.32998	0.32998	
2265	0.37758	0.32468	0.32468	0.32468	
2266	0.37774	0.32018	0.32018	0.32018	
2267	0.37791	0.31678	0.31678	0.31678	
2268	0.37808	0.31463	0.31463	0.31463	
2269	0.37824	0.31363	0.31363	0.31363	
2270	0.37841	0.31357	0.31357	0.31357	
2271	0.37858	0.31409	0.31409	0.31409	
2272	0.37874	0.31477	0.31477	0.31477	
2273	0.37891	0.3152	0.3152	0.3152	
2274	0.37908	0.31503	0.31503	0.31503	
2275	0.37924	0.31405	0.31405	0.31405	
2276	0.37941	0.31215	0.31215	0.31215	
2277	0.37958	0.30938	0.30938	0.30938	
2278	0.37974	0.3059	0.3059	0.3059	
2279	0.37991	0.30196	0.30196	0.30196	
2280	0.38008	0.29784	0.29784	0.29784	
2281	0.38024	0.29382	0.29382	0.29382	
2282	0.38041	0.2901	0.2901	0.2901	
2283	0.38058	0.28684	0.28684	0.28684	
2284	0.38074	0.28407	0.28407	0.28407	
2285	0.38091	0.28176	0.28176	0.28176	
2286	0.38108	0.27979	0.27979	0.27979	
2287	0.38124	0.27802	0.27802	0.27802	
2288	0.38141	0.27629	0.27629	0.27629	
2289	0.38158	0.27448	0.27448	0.27448	
2290	0.38174	0.2725	0.2725	0.2725	
2291	0.38191	0.27032	0.27032	0.27032	
2292	0.38208	0.26796	0.26796	0.26796	
2293	0.38224	0.26548	0.26548	0.26548	
2294	0.38241	0.26297	0.26297	0.26297	
2295	0.38258	0.26048	0.26048	0.26048	
2296	0.38274	0.25805	0.25805	0.25805	
2297	0.38291	0.25569	0.25569	0.25569	
2298	0.38308	0.25335	0.25335	0.25335	
2299	0.38324	0.25094	0.25094	0.25094	
2300	0.38341	0.24836	0.24836	0.24836	
2301	0.38358	0.2455	0.2455	0.2455	
2302	0.38374	0.24231	0.24231	0.24231	
2303	0.38391	0.23876	0.23876	0.23876	
2304	0.38408	0.23491	0.23491	0.23491	
2305	0.38424	0.23087	0.23087	0.23087	
2306	0.38441	0.22681	0.22681	0.22681	
2307	0.38458	0.22294	0.22294	0.22294	
2308	0.38474	0.21944	0.21944	0.21944	
2309	0.38491	0.21647	0.21647	0.21647	
2310	0.38508	0.21412	0.21412	0.21412	
2311	0.38524	0.21237	0.21237	0.21237	
2312	0.38541	0.21112	0.21112	0.21112	
2313	0.38558	0.21016	0.21016	0.21016	
2314	0.38574	0.20923	0.20923	0.20923	
2315	0.38591	0.20803	0.20803	0.20803	
2316	0.38608	0.20629	0.20629	0.20629	
2317	0.38624	0.20377	0.20377	0.20377	
2318	0.38641	0.20036	0.20036	0.20036	
2319	0.38658	0.19606	0.19606	0.19606	
2320	0.38674	0.19101	0.19101	0.19101	
2321	0.38691	0.18545	0.18545	0.18545	
2322	0.38708	0.17972	0.17972	0.17972	
2323	0.38724	0.1742	0.1742	0.1742	
2324	0.38741	0.16924	0.16924	0.16924	
2325	0.38758	0.16513	0.16513	0.16513	
2326	0.38774	0.16204	0.16204	0.16204	
2327	0.38791	0.16	0.16	0.16	
2328	0.38808	0.1589	0.1589	0.1589	
2329	0.38824	0.15846	0.15846	0.15846	
2330	0.38841	0.15832	0.15832	0.15832	
2331	0.38858	0.15806	0.15806	0.15806	
2332	0.38874	0.15728	0.15728	0.15728	
2333	0.38891	0.15563	0.15563	0.15563	
2334	0.38908	0.15288	0.15288	0.15288	
2335	0.38924	0.14895	0.14895	0.14895	
2336	0.38941	0.14393	0.14393	0.14393	
2337	0.38958	0.13805	0.13805	0.13805	
2338	0.38974	0.13167	0.13167	0.13167	
2339	0.38991	0.12521	0.12521	0.12521	
2340	0.39008	0.11911	0.11911	0.11911	
2341	0.39024	0.11375	0.11375	0.11375	
2342	0.39041	0.10941	0.10941	0.10941	
2343	0.39058	0.10623	0.10623	0.10623	
2344	0.39074	0.10419	0.10419	0.10419	
2345	0.39091	0.1031	0.1031	0.1031	
2346	0.39108	0.10266	0.10266	0.10266	
2347	0.39124	0.10249	0.10249	0.10249	
2348	0.39141	0.10215	0.10215	0.10215	
2349	0.39158	0.10125	0.10125	0.10125	
2350	0.39174	9.9479e-002	9.9479e-002	9.9479e-002	
2351	0.39191	9.6639e-002	9.6639e-002	9.6639e-002	
2352	0.39208	9.2682e-002	9.2682e-002	9.2682e-002	
2353	0.39225	8.7706e-002	8.7706e-002	8.7706e-002	
2354	0.39241	8.1937e-002	8.1937e-002	8.1937e-002	
2355	0.39258	7.5701e-002	7.5701e-002	7.5701e-002	
2356	0.39275	6.9373e-002	6.9373e-002	6.9373e-002	
2357	0.39291	6.3328e-002	6.3328e-002	6.3328e-002	
2358	0.39308	5.7895e-002	5.7895e-002	5.7895e-002	
2359	0.39325	5.3312e-002	5.3312e-002	5.3312e-002	
2360	0.39341	4.9703e-002	4.9703e-002	4.9703e-002	
2361	0.39358	4.7063e-002	4.7063e-002	4.7063e-002	
2362	0.39375	4.5267e-002	4.5267e-002	4.5267e-002	
2363	0.39391	4.4088e-002	4.4088e-002	4.4088e-002	
2364	0.39408	4.3233e-002	4.3233e-002	4.3233e-002	
2365	0.39425	4.2378e-002	4.2378e-002	4.2378e-002	
2366	0.39441	4.1213e-002	4.1213e-002	4.1213e-002	
2367	0.39458	3.9474e-002	3.9474e-002	3.9474e-002	
2368	0.39475	3.6979e-002	3.6979e-002	3.6979e-002	
2369	0.39491	3.3638e-002	3.3638e-002	3.3638e-002	
2370	0.39508	2.9466e-002	2.9466e-002	2.9466e-002	
2371	0.39525	2.4571e-002	2.4571e-002	2.4571e-002	
2372	0.39541	1.9141e-002	1.9141e-002	1.9141e-002	
2373	0.39558	1.3419e-002	1.3419e-002	1.3419e-002	
2374	0.39575	7.6698e-003	7.6698e-003	7.6698e-003	
2375	0.39591	2.1542e-003	2.1542e-003	2.1542e-003	
2376	0.39608	-2.9012e-003	-2.9012e-003	-2.9012e-003	
2377	0.39625	-7.3264e-003	-7.3264e-003	-7.3264e-003	
2378	0.39641	-1.1025e-002	-1.1025e-002	-1.1025e-002	
2379	0.39658	-1.3979e-002	-1.3979e-002	-1.3979e-002	
2380	0.39675	-1.6255e-002	-1.6255e-002	-1.6255e-002	
2381	0.39691	-1.7989e-002	-1.7989e-002	-1.7989e-002	
2382	0.39708	-1.9373e-002	-1.9373e-002	-1.9373e-002	
2383	0.39725	-2.0639e-002	-2.0639e-002	-2.0639e-002	
2384	0.39741	-2.2027e-002	-2.2027e-002	-2.2027e-002	
2385	0.39758	-2.3769e-002	-2.3769e-002	-2.3769e-002	
2386	0.39775	-2.6057e-002	-2.6057e-002	-2.6057e-002	
2387	0.39791	-2.9027e-002	-2.9027e-002	-2.9027e-002	
2388	0.39808	-3.274e-002	-3.274e-002	-3.274e-002	
2389	0.39825	-3.7176e-002	-3.7176e-002	-3.7176e-002	
2390	0.39841	-4.2235e-002	-4.2235e-002	-4.2235e-002	
2391	0.39858	-4.7741e-002	-4.7741e-002	-4.7741e-002	
2392	0.39875	-5.3462e-002	-5.3462e-002	-5.3462e-002	
2393	0.39891	-5.9135e-002	-5.9135e-002	-5.9135e-002	
2394	0.39908	-6.4493e-002	-6.4493e-002	-6.4493e-002	
2395	0.39925	-6.9296e-002	-6.9296e-002	-6.9296e-002	
2396	0.39941	-7.3365e-002	-7.3365e-002	-7.3365e-002	
2397	0.39958	-7.66e-002	-7.66e-002	-7.66e-002	
2398	0.39975	-7.8998e-002	-7.8998e-002	-7.8998e-002	
2399	0.39991	-8.066e-002	-8.066e-002	-8.066e-002	
2400	0.4	-8.1286e-002	-8.1286e-002	-8.1286e-002	
